sequence	rt_start	five_prime_offset	nucleotide	treated_mods	untreated_mods	beta	theta	c
SRP_IDT2_mod_114nt	133	0	*	7533	8106	-	-	0.394836
SRP_IDT2_mod_114nt	133	1	A	427	157	0.0353138	0.0910566	0.394836
SRP_IDT2_mod_114nt	133	2	T	106	41	0.00824491	0.0209684	0.394836
SRP_IDT2_mod_114nt	133	3	C	11	2	0.00112137	0.00284169	0.394836
SRP_IDT2_mod_114nt	133	4	G	3	2	0.000130587	0.000330758	0.394836
SRP_IDT2_mod_114nt	133	5	G	0	1	0	0	0.394836
SRP_IDT2_mod_114nt	133	6	G	9	2	0.000872187	0.00220995	0.394836
SRP_IDT2_mod_114nt	133	7	G	6	3	0.000380498	0.00096387	0.394836
SRP_IDT2_mod_114nt	133	8	G	17	3	0.00173558	0.00439951	0.394836
SRP_IDT2_mod_114nt	133	9	C	7	6	0.000141383	0.000358106	0.394836
SRP_IDT2_mod_114nt	133	10	T	12	10	0.000276117	0.000699416	0.394836
SRP_IDT2_mod_114nt	133	11	C	133	22	0.0134963	0.0344147	0.394836
SRP_IDT2_mod_114nt	133	12	T	21	11	0.00122146	0.00309548	0.394836
SRP_IDT2_mod_114nt	133	13	G	31	9	0.00265598	0.00673574	0.394836
SRP_IDT2_mod_114nt	133	14	T	217	14	0.0238016	0.0610111	0.394836
SRP_IDT2_mod_114nt	133	15	T	57	4	0.00616197	0.0156547	0.394836
SRP_IDT2_mod_114nt	133	16	G	5	2	0.000343578	0.000870329	0.394836
SRP_IDT2_mod_114nt	133	17	G	134	18	0.0132399	0.0337566	0.394836
SRP_IDT2_mod_114nt	133	18	T	210	10	0.0223318	0.0572009	0.394836
SRP_IDT2_mod_114nt	133	19	T	30	0	0.00334485	0.0084857	0.394836
SRP_IDT2_mod_114nt	133	20	C	4	2	0.000208443	0.000527977	0.394836
SRP_IDT2_mod_114nt	133	21	T	7	3	0.000423705	0.00107334	0.394836
SRP_IDT2_mod_114nt	133	22	C	8	5	0.000297343	0.000753192	0.394836
SRP_IDT2_mod_114nt	133	23	C	12	5	0.000741215	0.00187797	0.394836
SRP_IDT2_mod_114nt	133	24	C	38	22	0.00160818	0.00407631	0.394836
SRP_IDT2_mod_114nt	133	25	G	5	3	0.0001985	0.00050279	0.394836
SRP_IDT2_mod_114nt	133	26	C	113	41	0.00755681	0.0192118	0.394836
SRP_IDT2_mod_114nt	133	27	A	103	18	0.00903121	0.0229772	0.394836
SRP_IDT2_mod_114nt	133	28	A	19	3	0.00169655	0.00430048	0.394836
SRP_IDT2_mod_114nt	133	29	C	33	8	0.0026091	0.0066167	0.394836
SRP_IDT2_mod_114nt	133	30	G	3	4	0	0	0.394836
SRP_IDT2_mod_114nt	133	31	C	107	26	0.00834663	0.0212282	0.394836
SRP_IDT2_mod_114nt	133	32	T	51	27	0.00224817	0.00570033	0.394836
SRP_IDT2_mod_114nt	133	33	A	8	1	0.000727566	0.00184337	0.394836
SRP_IDT2_mod_114nt	133	34	C	19	9	0.000954698	0.00241911	0.394836
SRP_IDT2_mod_114nt	133	35	T	21	12	0.000813611	0.00206147	0.394836
SRP_IDT2_mod_114nt	133	36	C	51	17	0.00336513	0.00853721	0.394836
SRP_IDT2_mod_114nt	133	37	T	46	20	0.00247652	0.00628004	0.394836
SRP_IDT2_mod_114nt	133	38	G	74	28	0.0044233	0.0112277	0.394836
SRP_IDT2_mod_114nt	133	39	T	24	12	0.00109086	0.00276432	0.394836
SRP_IDT2_mod_114nt	133	40	T	190	19	0.0170375	0.0435226	0.394836
SRP_IDT2_mod_114nt	133	41	T	434	87	0.0324056	0.0834327	0.394836
SRP_IDT2_mod_114nt	133	42	A	322	12	0.0288803	0.0742221	0.394836
SRP_IDT2_mod_114nt	133	43	C	16	2	0.0012718	0.00322312	0.394836
SRP_IDT2_mod_114nt	133	44	C	320	70	0.0213837	0.0547457	0.394836
SRP_IDT2_mod_114nt	133	45	A	49	2	0.00421174	0.0106896	0.394836
SRP_IDT2_mod_114nt	133	46	G	23	15	0.000392386	0.000993988	0.394836
SRP_IDT2_mod_114nt	133	47	G	57	13	0.00366929	0.00931029	0.394836
SRP_IDT2_mod_114nt	133	48	T	8	1	0.000606354	0.00153618	0.394836
SRP_IDT2_mod_114nt	133	49	C	115	25	0.00744598	0.018929	0.394836
SRP_IDT2_mod_114nt	133	50	A	15	2	0.00110814	0.00280813	0.394836
SRP_IDT2_mod_114nt	133	51	G	2	1	6.56508e-05	0.000166279	0.394836
SRP_IDT2_mod_114nt	133	52	G	26	8	0.00140952	0.00357241	0.394836
SRP_IDT2_mod_114nt	133	53	T	13	5	0.000591667	0.00149896	0.394836
SRP_IDT2_mod_114nt	133	54	C	21	9	0.000850531	0.00215505	0.394836
SRP_IDT2_mod_114nt	133	55	C	15	8	0.000430958	0.00109172	0.394836
SRP_IDT2_mod_114nt	133	56	G	18	7	0.00080533	0.00204048	0.394836
SRP_IDT2_mod_114nt	133	57	G	354	22	0.0278457	0.0715251	0.394836
SRP_IDT2_mod_114nt	133	58	A	159	27	0.010432	0.02656	0.394836
SRP_IDT2_mod_114nt	133	59	A	61	1	0.00500163	0.0126994	0.394836
SRP_IDT2_mod_114nt	133	60	G	7	4	0.000143311	0.00036299	0.394836
SRP_IDT2_mod_114nt	133	61	G	24	26	0	0	0.394836
SRP_IDT2_mod_114nt	133	62	A	33	21	0.000437906	0.00110933	0.394836
SRP_IDT2_mod_114nt	133	63	A	30	4	0.00205476	0.00520945	0.394836
SRP_IDT2_mod_114nt	133	64	G	12	3	0.000666693	0.00168909	0.394836
SRP_IDT2_mod_114nt	133	65	C	43	7	0.00279109	0.00707885	0.394836
SRP_IDT2_mod_114nt	133	66	A	20	9	0.000664157	0.00168267	0.394836
SRP_IDT2_mod_114nt	133	67	G	40	13	0.00187033	0.00474141	0.394836
SRP_IDT2_mod_114nt	133	68	C	6	2	0.000274526	0.000695386	0.394836
SRP_IDT2_mod_114nt	133	69	C	119	37	0.00568052	0.014428	0.394836
SRP_IDT2_mod_114nt	133	70	A	39	6	0.0025156	0.00637927	0.394836
SRP_IDT2_mod_114nt	133	71	A	27	0	0.00218925	0.00555078	0.394836
SRP_IDT2_mod_114nt	133	72	G	10	4	0.000373705	0.000946659	0.394836
SRP_IDT2_mod_114nt	133	73	G	19	7	0.000774034	0.00196115	0.394836
SRP_IDT2_mod_114nt	133	74	C	57	42	2.9616e-05	7.50094e-05	0.394836
SRP_IDT2_mod_114nt	133	75	A	5	5	0	0	0.394836
SRP_IDT2_mod_114nt	133	76	G	41	20	0.00112597	0.00285336	0.394836
SRP_IDT2_mod_114nt	133	77	A	12	5	0.000420872	0.00106616	0.394836
SRP_IDT2_mod_114nt	133	78	T	8	2	0.000424457	0.00107525	0.394836
SRP_IDT2_mod_114nt	133	79	G	41	17	0.00143978	0.00364916	0.394836
SRP_IDT2_mod_114nt	133	80	A	5	1	0.000291051	0.00073725	0.394836
SRP_IDT2_mod_114nt	133	81	C	21	9	0.000702744	0.00178046	0.394836
SRP_IDT2_mod_114nt	133	82	G	1	1	0	0	0.394836
SRP_IDT2_mod_114nt	133	83	C	5	9	0	0	0.394836
SRP_IDT2_mod_114nt	133	84	G	95	52	0.00194612	0.00493374	0.394836
SRP_IDT2_mod_114nt	133	85	T	5	4	0	0	0.394836
SRP_IDT2_mod_114nt	133	86	G	82	7	0.00569138	0.0144557	0.394836
SRP_IDT2_mod_114nt	133	87	T	14	1	0.000990769	0.00251056	0.394836
SRP_IDT2_mod_114nt	133	88	G	13	1	0.000911327	0.00230917	0.394836
SRP_IDT2_mod_114nt	133	89	C	7	0	0.000547988	0.00138827	0.394836
SRP_IDT2_mod_114nt	133	90	C	3	1	0.000127801	0.000323703	0.394836
SRP_IDT2_mod_114nt	133	91	G	1	0	7.82595e-05	0.000198215	0.394836
SRP_IDT2_mod_114nt	133	92	G	4	0	0.00031294	0.000792706	0.394836
SRP_IDT2_mod_114nt	133	93	G	30	21	9.96257e-05	0.000252334	0.394836
SRP_IDT2_mod_114nt	133	94	A	16	1	0.00114064	0.00289053	0.394836
SRP_IDT2_mod_114nt	133	95	T	4	1	0.000204996	0.000519246	0.394836
SRP_IDT2_mod_114nt	133	96	G	25	1	0.00183793	0.00465919	0.394836
SRP_IDT2_mod_114nt	133	97	T	19	0	0.00147561	0.00374004	0.394836
SRP_IDT2_mod_114nt	133	98	A	4	1	0.000203857	0.000516361	0.394836
SRP_IDT2_mod_114nt	133	99	G	2	0	0.000155255	0.000393245	0.394836
SRP_IDT2_mod_114nt	133	100	C	0	0	0	0	0.394836
SRP_IDT2_mod_114nt	133	101	T	0	0	0	0	0.394836
SRP_IDT2_mod_114nt	133	102	G	5	0	0.000387988	0.000982846	0.394836
SRP_IDT2_mod_114nt	133	103	G	7	0	0.000542888	0.00137534	0.394836
SRP_IDT2_mod_114nt	133	104	C	0	0	0	0	0.394836
SRP_IDT2_mod_114nt	133	105	A	0	0	0	0	0.394836
SRP_IDT2_mod_114nt	133	106	G	0	0	0	0	0.394836
SRP_IDT2_mod_114nt	133	107	G	0	0	0	0	0.394836
SRP_IDT2_mod_114nt	133	108	G	0	2	0	0	0.394836
SRP_IDT2_mod_114nt	133	109	C	3	0	0.000232612	0.000589204	0.394836
SRP_IDT2_mod_114nt	133	110	C	10	6	0.000135065	0.0003421	0.394836
SRP_IDT2_mod_114nt	133	111	C	0	0	0	0	0.394836
SRP_IDT2_mod_114nt	133	112	C	0	0	0	0	0.394836
SRP_IDT2_mod_114nt	133	113	C	0	0	0	0	0.394836
SRP_IDT2_mod_114nt	133	114	A	0	0	0	0	0.394836
SRP_IDT2_mod_114nt	133	115	C	0	0	0	0	0.394836
SRP_IDT2_mod_114nt	133	116	T	0	0	0	0	0.394836
SRP_IDT2_mod_114nt	133	117	G	0	0	0	0	0.394836
SRP_IDT2_mod_114nt	133	118	A	0	0	0	0	0.394836
SRP_IDT2_mod_114nt	133	119	C	0	0	0	0	0.394836
SRP_IDT2_mod_114nt	133	120	T	0	0	0	0	0.394836
SRP_IDT2_mod_114nt	133	121	C	0	0	0	0	0.394836
SRP_IDT2_mod_114nt	133	122	G	0	0	0	0	0.394836
SRP_IDT2_mod_114nt	133	123	G	0	0	0	0	0.394836
SRP_IDT2_mod_114nt	133	124	G	0	0	0	0	0.394836
SRP_IDT2_mod_114nt	133	125	C	0	0	0	0	0.394836
SRP_IDT2_mod_114nt	133	126	A	0	0	0	0	0.394836
SRP_IDT2_mod_114nt	133	127	C	0	0	0	0	0.394836
SRP_IDT2_mod_114nt	133	128	C	0	0	0	0	0.394836
SRP_IDT2_mod_114nt	133	129	A	0	0	0	0	0.394836
SRP_IDT2_mod_114nt	133	130	A	0	0	0	0	0.394836
SRP_IDT2_mod_114nt	133	131	G	0	0	0	0	0.394836
SRP_IDT2_mod_114nt	133	132	G	0	0	0	0	0.394836
