sequence	rt_start	five_prime_offset	nucleotide	treated_mods	untreated_mods	beta	theta	c
Ecoli_SRP_IDT2_mod_93nt	112	0	*	22557	15348	-	-	0.139498
Ecoli_SRP_IDT2_mod_93nt	112	1	A	1255	285	0.253298	0.256243	0.139498
Ecoli_SRP_IDT2_mod_93nt	112	2	T	344	78	0.0672477	0.0671416	0.139498
Ecoli_SRP_IDT2_mod_93nt	112	3	C	33	10	0.00525602	0.00522513	0.139498
Ecoli_SRP_IDT2_mod_93nt	112	4	G	30	7	0.00572747	0.005694	0.139498
Ecoli_SRP_IDT2_mod_93nt	112	5	G	5	2	0.00057183	0.000568286	0.139498
Ecoli_SRP_IDT2_mod_93nt	112	6	G	33	13	0.00386006	0.00383701	0.139498
Ecoli_SRP_IDT2_mod_93nt	112	7	G	29	19	0	0	0.139498
Ecoli_SRP_IDT2_mod_93nt	112	8	G	113	78	0	0	0.139498
Ecoli_SRP_IDT2_mod_93nt	112	9	C	53	17	0.00791045	0.00786542	0.139498
Ecoli_SRP_IDT2_mod_93nt	112	10	T	55	30	0.00257232	0.00255673	0.139498
Ecoli_SRP_IDT2_mod_93nt	112	11	C	245	60	0.0444277	0.0442871	0.139498
Ecoli_SRP_IDT2_mod_93nt	112	12	T	62	30	0.00448727	0.00446066	0.139498
Ecoli_SRP_IDT2_mod_93nt	112	13	G	42	22	0.00227286	0.00225903	0.139498
Ecoli_SRP_IDT2_mod_93nt	112	14	T	182	40	0.0345312	0.0343982	0.139498
Ecoli_SRP_IDT2_mod_93nt	112	15	T	185	40	0.0350504	0.0349166	0.139498
Ecoli_SRP_IDT2_mod_93nt	112	16	G	55	49	0	0	0.139498
Ecoli_SRP_IDT2_mod_93nt	112	17	G	3116	2064	0	0	0.139498
Ecoli_SRP_IDT2_mod_93nt	112	18	T	432	234	0.0167098	0.0166249	0.139498
Ecoli_SRP_IDT2_mod_93nt	112	19	T	50	17	0.00584682	0.0058127	0.139498
Ecoli_SRP_IDT2_mod_93nt	112	20	C	14	23	0	0	0.139498
Ecoli_SRP_IDT2_mod_93nt	112	21	T	17	11	0	0	0.139498
Ecoli_SRP_IDT2_mod_93nt	112	22	C	42	15	0.00461803	0.00459069	0.139498
Ecoli_SRP_IDT2_mod_93nt	112	23	C	79	34	0.0064048	0.00636767	0.139498
Ecoli_SRP_IDT2_mod_93nt	112	24	C	115	54	0.00752188	0.00747886	0.139498
Ecoli_SRP_IDT2_mod_93nt	112	25	G	78	60	0	0	0.139498
Ecoli_SRP_IDT2_mod_93nt	112	26	C	153	90	0.00292519	0.00290753	0.139498
Ecoli_SRP_IDT2_mod_93nt	112	27	A	60	26	0.00471149	0.00468362	0.139498
Ecoli_SRP_IDT2_mod_93nt	112	28	A	27	24	0	0	0.139498
Ecoli_SRP_IDT2_mod_93nt	112	29	C	123	47	0.0120135	0.0119485	0.139498
Ecoli_SRP_IDT2_mod_93nt	112	30	G	17	7	0.00146228	0.0014533	0.139498
Ecoli_SRP_IDT2_mod_93nt	112	31	C	322	109	0.0363263	0.0361909	0.139498
Ecoli_SRP_IDT2_mod_93nt	112	32	T	257	94	0.025937	0.0258216	0.139498
Ecoli_SRP_IDT2_mod_93nt	112	33	A	39	14	0.0040116	0.00398768	0.139498
Ecoli_SRP_IDT2_mod_93nt	112	34	C	24	10	0.00194104	0.00192919	0.139498
Ecoli_SRP_IDT2_mod_93nt	112	35	T	59	22	0.00573569	0.00570218	0.139498
Ecoli_SRP_IDT2_mod_93nt	112	36	C	79	27	0.00857779	0.00852935	0.139498
Ecoli_SRP_IDT2_mod_93nt	112	37	T	133	52	0.0118983	0.0118338	0.139498
Ecoli_SRP_IDT2_mod_93nt	112	38	G	99	39	0.00869398	0.00864495	0.139498
Ecoli_SRP_IDT2_mod_93nt	112	39	T	21	7	0.00231699	0.00230291	0.139498
Ecoli_SRP_IDT2_mod_93nt	112	40	T	106	14	0.0196348	0.0195389	0.139498
Ecoli_SRP_IDT2_mod_93nt	112	41	T	576	153	0.0763192	0.0762471	0.139498
Ecoli_SRP_IDT2_mod_93nt	112	42	A	222	37	0.0370987	0.0369624	0.139498
Ecoli_SRP_IDT2_mod_93nt	112	43	C	125	56	0.00775028	0.00770607	0.139498
Ecoli_SRP_IDT2_mod_93nt	112	44	C	433	131	0.0494315	0.0492922	0.139498
Ecoli_SRP_IDT2_mod_93nt	112	45	A	46	7	0.00775099	0.00770677	0.139498
Ecoli_SRP_IDT2_mod_93nt	112	46	G	36	12	0.0036602	0.00363829	0.139498
Ecoli_SRP_IDT2_mod_93nt	112	47	G	116	35	0.0130878	0.013018	0.139498
Ecoli_SRP_IDT2_mod_93nt	112	48	T	30	22	0	0	0.139498
Ecoli_SRP_IDT2_mod_93nt	112	49	C	122	55	0.00703453	0.00699406	0.139498
Ecoli_SRP_IDT2_mod_93nt	112	50	A	37	9	0.0049299	0.00490082	0.139498
Ecoli_SRP_IDT2_mod_93nt	112	51	G	23	5	0.00327811	0.0032584	0.139498
Ecoli_SRP_IDT2_mod_93nt	112	52	G	54	23	0.00357431	0.0035529	0.139498
Ecoli_SRP_IDT2_mod_93nt	112	53	T	14	6	0.000911688	0.000906057	0.139498
Ecoli_SRP_IDT2_mod_93nt	112	54	C	40	10	0.0052035	0.0051729	0.139498
Ecoli_SRP_IDT2_mod_93nt	112	55	C	95	29	0.0104074	0.0103499	0.139498
Ecoli_SRP_IDT2_mod_93nt	112	56	G	42	9	0.00597801	0.00594318	0.139498
Ecoli_SRP_IDT2_mod_93nt	112	57	G	252	40	0.0406342	0.0404949	0.139498
Ecoli_SRP_IDT2_mod_93nt	112	58	A	129	40	0.0136146	0.0135425	0.139498
Ecoli_SRP_IDT2_mod_93nt	112	59	A	43	4	0.00790192	0.00785693	0.139498
Ecoli_SRP_IDT2_mod_93nt	112	60	G	44	11	0.00557357	0.00554095	0.139498
Ecoli_SRP_IDT2_mod_93nt	112	61	G	117	61	0.00330097	0.00328113	0.139498
Ecoli_SRP_IDT2_mod_93nt	112	62	A	91	35	0.007034	0.00699353	0.139498
Ecoli_SRP_IDT2_mod_93nt	112	63	A	42	14	0.00401212	0.0039882	0.139498
Ecoli_SRP_IDT2_mod_93nt	112	64	G	73	44	0	0	0.139498
Ecoli_SRP_IDT2_mod_93nt	112	65	C	94	40	0.00582259	0.0057886	0.139498
Ecoli_SRP_IDT2_mod_93nt	112	66	A	106	58	0.00192176	0.00191003	0.139498
Ecoli_SRP_IDT2_mod_93nt	112	67	G	92	72	0	0	0.139498
Ecoli_SRP_IDT2_mod_93nt	112	68	C	38	31	0	0	0.139498
Ecoli_SRP_IDT2_mod_93nt	112	69	C	70	54	0	0	0.139498
Ecoli_SRP_IDT2_mod_93nt	112	70	A	33	13	0.0023972	0.00238264	0.139498
Ecoli_SRP_IDT2_mod_93nt	112	71	A	32	20	0	0	0.139498
Ecoli_SRP_IDT2_mod_93nt	112	72	G	35	17	0.00139906	0.00139046	0.139498
Ecoli_SRP_IDT2_mod_93nt	112	73	G	49	19	0.00365119	0.00362933	0.139498
Ecoli_SRP_IDT2_mod_93nt	112	74	C	54	35	0	0	0.139498
Ecoli_SRP_IDT2_mod_93nt	112	75	A	4	3	0	0	0.139498
Ecoli_SRP_IDT2_mod_93nt	112	76	G	86	38	0.00473855	0.00471054	0.139498
Ecoli_SRP_IDT2_mod_93nt	112	77	A	3	6	0	0	0.139498
Ecoli_SRP_IDT2_mod_93nt	112	78	T	5	0	0.00105329	0.0010468	0.139498
Ecoli_SRP_IDT2_mod_93nt	112	79	G	7	0	0.00147431	0.00146526	0.139498
Ecoli_SRP_IDT2_mod_93nt	112	80	A	0	0	0	0	0.139498
Ecoli_SRP_IDT2_mod_93nt	112	81	C	25	4	0.0038534	0.00383038	0.139498
Ecoli_SRP_IDT2_mod_93nt	112	82	G	2	2	0	0	0.139498
Ecoli_SRP_IDT2_mod_93nt	112	83	C	2	3	0	0	0.139498
Ecoli_SRP_IDT2_mod_93nt	112	84	G	1	1	0	0	0.139498
Ecoli_SRP_IDT2_mod_93nt	112	85	T	3	0	0.000631238	0.000627328	0.139498
Ecoli_SRP_IDT2_mod_93nt	112	86	G	9	9	0	0	0.139498
Ecoli_SRP_IDT2_mod_93nt	112	87	T	6	10	0	0	0.139498
Ecoli_SRP_IDT2_mod_93nt	112	88	G	54	75	0	0	0.139498
Ecoli_SRP_IDT2_mod_93nt	112	89	C	52	42	0	0	0.139498
Ecoli_SRP_IDT2_mod_93nt	112	90	C	2	8	0	0	0.139498
Ecoli_SRP_IDT2_mod_93nt	112	91	G	2	1	6.96524e-05	6.92183e-05	0.139498
Ecoli_SRP_IDT2_mod_93nt	112	92	G	36	159	0	0	0.139498
Ecoli_SRP_IDT2_mod_93nt	112	93	G	1257	2415	0	0	0.139498
Ecoli_SRP_IDT2_mod_93nt	112	94	C	7	7	0	0	0.139498
Ecoli_SRP_IDT2_mod_93nt	112	95	T	22	57	0	0	0.139498
Ecoli_SRP_IDT2_mod_93nt	112	96	G	26	71	0	0	0.139498
Ecoli_SRP_IDT2_mod_93nt	112	97	A	1	1	0	0	0.139498
Ecoli_SRP_IDT2_mod_93nt	112	98	C	0	0	0	0	0.139498
Ecoli_SRP_IDT2_mod_93nt	112	99	T	0	0	0	0	0.139498
Ecoli_SRP_IDT2_mod_93nt	112	100	C	0	0	0	0	0.139498
Ecoli_SRP_IDT2_mod_93nt	112	101	G	0	0	0	0	0.139498
Ecoli_SRP_IDT2_mod_93nt	112	102	G	0	0	0	0	0.139498
Ecoli_SRP_IDT2_mod_93nt	112	103	G	0	0	0	0	0.139498
Ecoli_SRP_IDT2_mod_93nt	112	104	C	0	0	0	0	0.139498
Ecoli_SRP_IDT2_mod_93nt	112	105	A	0	0	0	0	0.139498
Ecoli_SRP_IDT2_mod_93nt	112	106	C	0	0	0	0	0.139498
Ecoli_SRP_IDT2_mod_93nt	112	107	C	0	0	0	0	0.139498
Ecoli_SRP_IDT2_mod_93nt	112	108	A	0	0	0	0	0.139498
Ecoli_SRP_IDT2_mod_93nt	112	109	A	0	0	0	0	0.139498
Ecoli_SRP_IDT2_mod_93nt	112	110	G	0	0	0	0	0.139498
Ecoli_SRP_IDT2_mod_93nt	112	111	G	0	0	0	0	0.139498
