sequence	rt_start	five_prime_offset	nucleotide	treated_mods	untreated_mods	beta	theta	c
Ecoli_SRP_IDT2_mod_81nt	100	0	*	93614	85089	-	-	0.210708
Ecoli_SRP_IDT2_mod_81nt	100	1	A	4454	1298	0.147247	0.148745	0.210708
Ecoli_SRP_IDT2_mod_81nt	100	2	T	976	289	0.0312181	0.0311485	0.210708
Ecoli_SRP_IDT2_mod_81nt	100	3	C	83	28	0.00245544	0.00244257	0.210708
Ecoli_SRP_IDT2_mod_81nt	100	4	G	61	28	0.00139467	0.00138721	0.210708
Ecoli_SRP_IDT2_mod_81nt	100	5	G	16	8	0.000329565	0.000327766	0.210708
Ecoli_SRP_IDT2_mod_81nt	100	6	G	122	67	0.00217992	0.00216844	0.210708
Ecoli_SRP_IDT2_mod_81nt	100	7	G	118	45	0.0031917	0.00317522	0.210708
Ecoli_SRP_IDT2_mod_81nt	100	8	G	347	249	0.0029601	0.00294475	0.210708
Ecoli_SRP_IDT2_mod_81nt	100	9	C	167	135	0.000588719	0.00058552	0.210708
Ecoli_SRP_IDT2_mod_81nt	100	10	T	429	260	0.00623133	0.00620114	0.210708
Ecoli_SRP_IDT2_mod_81nt	100	11	C	1093	251	0.0378562	0.0377983	0.210708
Ecoli_SRP_IDT2_mod_81nt	100	12	T	363	109	0.0111025	0.0110543	0.210708
Ecoli_SRP_IDT2_mod_81nt	100	13	G	207	81	0.00528906	0.00526291	0.210708
Ecoli_SRP_IDT2_mod_81nt	100	14	T	885	167	0.0320443	0.0319757	0.210708
Ecoli_SRP_IDT2_mod_81nt	100	15	T	769	145	0.0275913	0.0275193	0.210708
Ecoli_SRP_IDT2_mod_81nt	100	16	G	317	138	0.00710316	0.00706939	0.210708
Ecoli_SRP_IDT2_mod_81nt	100	17	G	16116	12049	0.0768928	0.0770931	0.210708
Ecoli_SRP_IDT2_mod_81nt	100	18	T	2924	1311	0.0525775	0.0525787	0.210708
Ecoli_SRP_IDT2_mod_81nt	100	19	T	281	65	0.00783026	0.00779363	0.210708
Ecoli_SRP_IDT2_mod_81nt	100	20	C	68	42	0.000661946	0.000658354	0.210708
Ecoli_SRP_IDT2_mod_81nt	100	21	T	130	36	0.00333674	0.00331957	0.210708
Ecoli_SRP_IDT2_mod_81nt	100	22	C	203	85	0.00385412	0.00383449	0.210708
Ecoli_SRP_IDT2_mod_81nt	100	23	C	366	171	0.0060944	0.00606478	0.210708
Ecoli_SRP_IDT2_mod_81nt	100	24	C	574	417	0.00257731	0.00256384	0.210708
Ecoli_SRP_IDT2_mod_81nt	100	25	G	897	532	0.00951013	0.00946731	0.210708
Ecoli_SRP_IDT2_mod_81nt	100	26	C	1557	850	0.019579	0.0195114	0.210708
Ecoli_SRP_IDT2_mod_81nt	100	27	A	844	206	0.0220757	0.0220054	0.210708
Ecoli_SRP_IDT2_mod_81nt	100	28	A	404	161	0.00766315	0.00762717	0.210708
Ecoli_SRP_IDT2_mod_81nt	100	29	C	1226	402	0.0269229	0.0268508	0.210708
Ecoli_SRP_IDT2_mod_81nt	100	30	G	143	65	0.00230031	0.00228822	0.210708
Ecoli_SRP_IDT2_mod_81nt	100	31	C	3118	1062	0.0647501	0.0648352	0.210708
Ecoli_SRP_IDT2_mod_81nt	100	32	T	3188	967	0.0692366	0.0693605	0.210708
Ecoli_SRP_IDT2_mod_81nt	100	33	A	303	95	0.00636859	0.00633782	0.210708
Ecoli_SRP_IDT2_mod_81nt	100	34	C	196	64	0.00399647	0.00397618	0.210708
Ecoli_SRP_IDT2_mod_81nt	100	35	T	363	132	0.00677828	0.00674582	0.210708
Ecoli_SRP_IDT2_mod_81nt	100	36	C	461	200	0.00713154	0.00709766	0.210708
Ecoli_SRP_IDT2_mod_81nt	100	37	T	1072	252	0.0258277	0.0257555	0.210708
Ecoli_SRP_IDT2_mod_81nt	100	38	G	916	227	0.0213583	0.0212886	0.210708
Ecoli_SRP_IDT2_mod_81nt	100	39	T	100	43	0.00151903	0.00151092	0.210708
Ecoli_SRP_IDT2_mod_81nt	100	40	T	994	46	0.0317484	0.0316794	0.210708
Ecoli_SRP_IDT2_mod_81nt	100	41	T	2096	512	0.0478438	0.047821	0.210708
Ecoli_SRP_IDT2_mod_81nt	100	42	A	745	167	0.0174936	0.0174294	0.210708
Ecoli_SRP_IDT2_mod_81nt	100	43	C	206	102	0.0023721	0.00235965	0.210708
Ecoli_SRP_IDT2_mod_81nt	100	44	C	844	323	0.0137968	0.0137409	0.210708
Ecoli_SRP_IDT2_mod_81nt	100	45	A	287	11	0.00898806	0.0089471	0.210708
Ecoli_SRP_IDT2_mod_81nt	100	46	G	236	46	0.00576255	0.00573435	0.210708
Ecoli_SRP_IDT2_mod_81nt	100	47	G	1069	239	0.0245692	0.0244973	0.210708
Ecoli_SRP_IDT2_mod_81nt	100	48	T	189	124	0.000763252	0.000759119	0.210708
Ecoli_SRP_IDT2_mod_81nt	100	49	C	653	256	0.0101108	0.0100659	0.210708
Ecoli_SRP_IDT2_mod_81nt	100	50	A	183	24	0.00489865	0.00487424	0.210708
Ecoli_SRP_IDT2_mod_81nt	100	51	G	130	26	0.00308695	0.00307098	0.210708
Ecoli_SRP_IDT2_mod_81nt	100	52	G	381	116	0.00729469	0.00726015	0.210708
Ecoli_SRP_IDT2_mod_81nt	100	53	T	75	34	0.000948752	0.000943632	0.210708
Ecoli_SRP_IDT2_mod_81nt	100	54	C	115	50	0.00154578	0.00153753	0.210708
Ecoli_SRP_IDT2_mod_81nt	100	55	C	345	85	0.00744037	0.00740526	0.210708
Ecoli_SRP_IDT2_mod_81nt	100	56	G	155	40	0.00325818	0.00324138	0.210708
Ecoli_SRP_IDT2_mod_81nt	100	57	G	705	230	0.012669	0.0126161	0.210708
Ecoli_SRP_IDT2_mod_81nt	100	58	A	405	81	0.00945005	0.00940744	0.210708
Ecoli_SRP_IDT2_mod_81nt	100	59	A	87	13	0.00221754	0.00220586	0.210708
Ecoli_SRP_IDT2_mod_81nt	100	60	G	131	56	0.00176183	0.00175247	0.210708
Ecoli_SRP_IDT2_mod_81nt	100	61	G	402	161	0.00585692	0.00582831	0.210708
Ecoli_SRP_IDT2_mod_81nt	100	62	A	140	32	0.00307278	0.00305688	0.210708
Ecoli_SRP_IDT2_mod_81nt	100	63	A	104	29	0.00205494	0.00204409	0.210708
Ecoli_SRP_IDT2_mod_81nt	100	64	G	69	54	0	0	0.210708
Ecoli_SRP_IDT2_mod_81nt	100	65	C	63	38	0.000362791	0.000360811	0.210708
Ecoli_SRP_IDT2_mod_81nt	100	66	A	51	21	0.000714106	0.000710235	0.210708
Ecoli_SRP_IDT2_mod_81nt	100	67	G	109	35	0.0019504	0.00194007	0.210708
Ecoli_SRP_IDT2_mod_81nt	100	68	C	13	7	0.000110801	0.000110193	0.210708
Ecoli_SRP_IDT2_mod_81nt	100	69	C	62	56	0	0	0.210708
Ecoli_SRP_IDT2_mod_81nt	100	70	A	10	2	0.000230925	0.000229662	0.210708
Ecoli_SRP_IDT2_mod_81nt	100	71	A	2	6	0	0	0.210708
Ecoli_SRP_IDT2_mod_81nt	100	72	G	2	5	0	0	0.210708
Ecoli_SRP_IDT2_mod_81nt	100	73	G	12	23	0	0	0.210708
Ecoli_SRP_IDT2_mod_81nt	100	74	C	31	59	0	0	0.210708
Ecoli_SRP_IDT2_mod_81nt	100	75	A	3	13	0	0	0.210708
Ecoli_SRP_IDT2_mod_81nt	100	76	G	89	102	0	0	0.210708
Ecoli_SRP_IDT2_mod_81nt	100	77	A	96	120	0	0	0.210708
Ecoli_SRP_IDT2_mod_81nt	100	78	T	0	9	0	0	0.210708
Ecoli_SRP_IDT2_mod_81nt	100	79	G	91	255	0	0	0.210708
Ecoli_SRP_IDT2_mod_81nt	100	80	A	37	129	0	0	0.210708
Ecoli_SRP_IDT2_mod_81nt	100	81	C	1253	2379	0	0	0.210708
Ecoli_SRP_IDT2_mod_81nt	100	82	C	2	11	0	0	0.210708
Ecoli_SRP_IDT2_mod_81nt	100	83	T	17	65	0	0	0.210708
Ecoli_SRP_IDT2_mod_81nt	100	84	G	27	65	0	0	0.210708
Ecoli_SRP_IDT2_mod_81nt	100	85	A	0	0	0	0	0.210708
Ecoli_SRP_IDT2_mod_81nt	100	86	C	0	0	0	0	0.210708
Ecoli_SRP_IDT2_mod_81nt	100	87	T	0	0	0	0	0.210708
Ecoli_SRP_IDT2_mod_81nt	100	88	C	0	0	0	0	0.210708
Ecoli_SRP_IDT2_mod_81nt	100	89	G	0	0	0	0	0.210708
Ecoli_SRP_IDT2_mod_81nt	100	90	G	0	0	0	0	0.210708
Ecoli_SRP_IDT2_mod_81nt	100	91	G	0	0	0	0	0.210708
Ecoli_SRP_IDT2_mod_81nt	100	92	C	0	0	0	0	0.210708
Ecoli_SRP_IDT2_mod_81nt	100	93	A	0	0	0	0	0.210708
Ecoli_SRP_IDT2_mod_81nt	100	94	C	0	0	0	0	0.210708
Ecoli_SRP_IDT2_mod_81nt	100	95	C	0	0	0	0	0.210708
Ecoli_SRP_IDT2_mod_81nt	100	96	A	0	0	0	0	0.210708
Ecoli_SRP_IDT2_mod_81nt	100	97	A	0	0	0	0	0.210708
Ecoli_SRP_IDT2_mod_81nt	100	98	G	0	0	0	0	0.210708
Ecoli_SRP_IDT2_mod_81nt	100	99	G	0	0	0	0	0.210708
