sequence	rt_start	five_prime_offset	nucleotide	treated_mods	untreated_mods	beta	theta	c
Ecoli_SRP_IDT2_mod_86nt	105	0	*	3263	2991	-	-	0.271848
Ecoli_SRP_IDT2_mod_86nt	105	1	A	158	56	0.105377	0.105707	0.271848
Ecoli_SRP_IDT2_mod_86nt	105	2	T	51	15	0.0365987	0.0363699	0.271848
Ecoli_SRP_IDT2_mod_86nt	105	3	C	3	1	0.00199766	0.00197592	0.271848
Ecoli_SRP_IDT2_mod_86nt	105	4	G	6	3	0.00277474	0.00274483	0.271848
Ecoli_SRP_IDT2_mod_86nt	105	5	G	2	0	0.00213608	0.00211288	0.271848
Ecoli_SRP_IDT2_mod_86nt	105	6	G	9	6	0.00232654	0.00230133	0.271848
Ecoli_SRP_IDT2_mod_86nt	105	7	G	7	5	0.00139955	0.00138421	0.271848
Ecoli_SRP_IDT2_mod_86nt	105	8	G	19	6	0.0128763	0.0127548	0.271848
Ecoli_SRP_IDT2_mod_86nt	105	9	C	9	9	0	0	0.271848
Ecoli_SRP_IDT2_mod_86nt	105	10	T	17	8	0.00826555	0.0081825	0.271848
Ecoli_SRP_IDT2_mod_86nt	105	11	C	28	17	0.00892002	0.00883117	0.271848
Ecoli_SRP_IDT2_mod_86nt	105	12	T	11	3	0.0078512	0.00777188	0.271848
Ecoli_SRP_IDT2_mod_86nt	105	13	G	10	6	0.00321952	0.00318501	0.271848
Ecoli_SRP_IDT2_mod_86nt	105	14	T	18	10	0.00670245	0.00663371	0.271848
Ecoli_SRP_IDT2_mod_86nt	105	15	T	25	11	0.0126188	0.0124993	0.271848
Ecoli_SRP_IDT2_mod_86nt	105	16	G	9	8	0	0	0.271848
Ecoli_SRP_IDT2_mod_86nt	105	17	G	464	446	0	0	0.271848
Ecoli_SRP_IDT2_mod_86nt	105	18	T	88	41	0.0365316	0.0363029	0.271848
Ecoli_SRP_IDT2_mod_86nt	105	19	T	5	2	0.00238605	0.00236021	0.271848
Ecoli_SRP_IDT2_mod_86nt	105	20	C	5	7	0	0	0.271848
Ecoli_SRP_IDT2_mod_86nt	105	21	T	7	4	0.00211057	0.00208763	0.271848
Ecoli_SRP_IDT2_mod_86nt	105	22	C	7	4	0.00210476	0.00208189	0.271848
Ecoli_SRP_IDT2_mod_86nt	105	23	C	14	7	0.00520434	0.00514992	0.271848
Ecoli_SRP_IDT2_mod_86nt	105	24	C	30	13	0.0130677	0.0129448	0.271848
Ecoli_SRP_IDT2_mod_86nt	105	25	G	12	11	0	0	0.271848
Ecoli_SRP_IDT2_mod_86nt	105	26	C	29	22	0.00302391	0.00299142	0.271848
Ecoli_SRP_IDT2_mod_86nt	105	27	A	23	15	0.00481191	0.00476134	0.271848
Ecoli_SRP_IDT2_mod_86nt	105	28	A	10	4	0.00459011	0.00454174	0.271848
Ecoli_SRP_IDT2_mod_86nt	105	29	C	19	10	0.00629139	0.00622652	0.271848
Ecoli_SRP_IDT2_mod_86nt	105	30	G	2	1	0.00071249	0.000704614	0.271848
Ecoli_SRP_IDT2_mod_86nt	105	31	C	72	46	0.0154465	0.0153061	0.271848
Ecoli_SRP_IDT2_mod_86nt	105	32	T	105	27	0.0601903	0.0600061	0.271848
Ecoli_SRP_IDT2_mod_86nt	105	33	A	16	2	0.0111293	0.0110218	0.271848
Ecoli_SRP_IDT2_mod_86nt	105	34	C	9	3	0.00442088	0.0043742	0.271848
Ecoli_SRP_IDT2_mod_86nt	105	35	T	16	3	0.01009	0.0099911	0.271848
Ecoli_SRP_IDT2_mod_86nt	105	36	C	17	10	0.0040682	0.00402505	0.271848
Ecoli_SRP_IDT2_mod_86nt	105	37	T	38	13	0.0179982	0.0178408	0.271848
Ecoli_SRP_IDT2_mod_86nt	105	38	G	37	11	0.0189179	0.0187547	0.271848
Ecoli_SRP_IDT2_mod_86nt	105	39	T	12	2	0.00761035	0.00753322	0.271848
Ecoli_SRP_IDT2_mod_86nt	105	40	T	43	9	0.025257	0.0250606	0.271848
Ecoli_SRP_IDT2_mod_86nt	105	41	T	382	66	0.219526	0.223748	0.271848
Ecoli_SRP_IDT2_mod_86nt	105	42	A	96	30	0.0407926	0.0405606	0.271848
Ecoli_SRP_IDT2_mod_86nt	105	43	C	99	27	0.0445955	0.0443648	0.271848
Ecoli_SRP_IDT2_mod_86nt	105	44	C	240	83	0.0870831	0.0871362	0.271848
Ecoli_SRP_IDT2_mod_86nt	105	45	A	35	8	0.0160868	0.015942	0.271848
Ecoli_SRP_IDT2_mod_86nt	105	46	G	19	11	0.00263998	0.00261148	0.271848
Ecoli_SRP_IDT2_mod_86nt	105	47	G	59	20	0.0208239	0.0206496	0.271848
Ecoli_SRP_IDT2_mod_86nt	105	48	T	25	8	0.00916947	0.00907844	0.271848
Ecoli_SRP_IDT2_mod_86nt	105	49	C	47	25	0.00814692	0.00806493	0.271848
Ecoli_SRP_IDT2_mod_86nt	105	50	A	19	1	0.0114064	0.0112966	0.271848
Ecoli_SRP_IDT2_mod_86nt	105	51	G	5	1	0.00233796	0.00231262	0.271848
Ecoli_SRP_IDT2_mod_86nt	105	52	G	31	8	0.0128085	0.0126876	0.271848
Ecoli_SRP_IDT2_mod_86nt	105	53	T	5	5	0	0	0.271848
Ecoli_SRP_IDT2_mod_86nt	105	54	C	13	1	0.0074459	0.00737027	0.271848
Ecoli_SRP_IDT2_mod_86nt	105	55	C	14	8	0.00182449	0.0018046	0.271848
Ecoli_SRP_IDT2_mod_86nt	105	56	G	4	4	0	0	0.271848
Ecoli_SRP_IDT2_mod_86nt	105	57	G	47	8	0.022738	0.0225535	0.271848
Ecoli_SRP_IDT2_mod_86nt	105	58	A	19	5	0.00757895	0.0075021	0.271848
Ecoli_SRP_IDT2_mod_86nt	105	59	A	3	0	0.0018957	0.00187504	0.271848
Ecoli_SRP_IDT2_mod_86nt	105	60	G	5	4	0	0	0.271848
Ecoli_SRP_IDT2_mod_86nt	105	61	G	21	15	0	0	0.271848
Ecoli_SRP_IDT2_mod_86nt	105	62	A	18	6	0.00599922	0.00593713	0.271848
Ecoli_SRP_IDT2_mod_86nt	105	63	A	9	15	0	0	0.271848
Ecoli_SRP_IDT2_mod_86nt	105	64	G	14	8	0.00172316	0.00170434	0.271848
Ecoli_SRP_IDT2_mod_86nt	105	65	C	11	11	0	0	0.271848
Ecoli_SRP_IDT2_mod_86nt	105	66	A	11	6	0.00160035	0.00158285	0.271848
Ecoli_SRP_IDT2_mod_86nt	105	67	G	8	7	0	0	0.271848
Ecoli_SRP_IDT2_mod_86nt	105	68	C	2	2	0	0	0.271848
Ecoli_SRP_IDT2_mod_86nt	105	69	C	2	2	0	0	0.271848
Ecoli_SRP_IDT2_mod_86nt	105	70	A	1	0	0.000621137	0.000614264	0.271848
Ecoli_SRP_IDT2_mod_86nt	105	71	A	2	0	0.00124186	0.00122822	0.271848
Ecoli_SRP_IDT2_mod_86nt	105	72	G	0	0	0	0	0.271848
Ecoli_SRP_IDT2_mod_86nt	105	73	G	0	0	0	0	0.271848
Ecoli_SRP_IDT2_mod_86nt	105	74	C	2	0	0.00124145	0.00122781	0.271848
Ecoli_SRP_IDT2_mod_86nt	105	75	A	1	0	0.000620619	0.000613752	0.271848
Ecoli_SRP_IDT2_mod_86nt	105	76	G	1	2	0	0	0.271848
Ecoli_SRP_IDT2_mod_86nt	105	77	A	0	1	0	0	0.271848
Ecoli_SRP_IDT2_mod_86nt	105	78	T	0	0	0	0	0.271848
Ecoli_SRP_IDT2_mod_86nt	105	79	G	33	36	0	0	0.271848
Ecoli_SRP_IDT2_mod_86nt	105	80	A	1	4	0	0	0.271848
Ecoli_SRP_IDT2_mod_86nt	105	81	C	6	22	0	0	0.271848
Ecoli_SRP_IDT2_mod_86nt	105	82	G	23	30	0	0	0.271848
Ecoli_SRP_IDT2_mod_86nt	105	83	C	2	5	0	0	0.271848
Ecoli_SRP_IDT2_mod_86nt	105	84	G	13	74	0	0	0.271848
Ecoli_SRP_IDT2_mod_86nt	105	85	T	49	139	0	0	0.271848
Ecoli_SRP_IDT2_mod_86nt	105	86	G	1079	2082	0	0	0.271848
Ecoli_SRP_IDT2_mod_86nt	105	87	C	7	12	0	0	0.271848
Ecoli_SRP_IDT2_mod_86nt	105	88	T	19	47	0	0	0.271848
Ecoli_SRP_IDT2_mod_86nt	105	89	G	35	57	0	0	0.271848
Ecoli_SRP_IDT2_mod_86nt	105	90	A	0	1	0	0	0.271848
Ecoli_SRP_IDT2_mod_86nt	105	91	C	1	0	0.000512184	0.000506509	0.271848
Ecoli_SRP_IDT2_mod_86nt	105	92	T	1	0	0.000512113	0.000506439	0.271848
Ecoli_SRP_IDT2_mod_86nt	105	93	C	0	0	0	0	0.271848
Ecoli_SRP_IDT2_mod_86nt	105	94	G	0	0	0	0	0.271848
Ecoli_SRP_IDT2_mod_86nt	105	95	G	0	0	0	0	0.271848
Ecoli_SRP_IDT2_mod_86nt	105	96	G	0	0	0	0	0.271848
Ecoli_SRP_IDT2_mod_86nt	105	97	C	0	0	0	0	0.271848
Ecoli_SRP_IDT2_mod_86nt	105	98	A	0	0	0	0	0.271848
Ecoli_SRP_IDT2_mod_86nt	105	99	C	0	0	0	0	0.271848
Ecoli_SRP_IDT2_mod_86nt	105	100	C	0	0	0	0	0.271848
Ecoli_SRP_IDT2_mod_86nt	105	101	A	0	0	0	0	0.271848
Ecoli_SRP_IDT2_mod_86nt	105	102	A	0	0	0	0	0.271848
Ecoli_SRP_IDT2_mod_86nt	105	103	G	0	0	0	0	0.271848
Ecoli_SRP_IDT2_mod_86nt	105	104	G	0	0	0	0	0.271848
