sequence	rt_start	five_prime_offset	nucleotide	treated_mods	untreated_mods	beta	theta	c
Ecoli_SRP_IDT2_mod_111nt	130	0	*	14315	6896	-	-	0.113876
Ecoli_SRP_IDT2_mod_111nt	130	1	A	770	119	0.306555	0.309844	0.113876
Ecoli_SRP_IDT2_mod_111nt	130	2	T	189	32	0.0695792	0.0693729	0.113876
Ecoli_SRP_IDT2_mod_111nt	130	3	C	41	7	0.0149123	0.014822	0.113876
Ecoli_SRP_IDT2_mod_111nt	130	4	G	12	2	0.00441793	0.00438857	0.113876
Ecoli_SRP_IDT2_mod_111nt	130	5	G	4	2	0	0	0.113876
Ecoli_SRP_IDT2_mod_111nt	130	6	G	29	4	0.0116929	0.01162	0.113876
Ecoli_SRP_IDT2_mod_111nt	130	7	G	28	4	0.0110904	0.0110208	0.113876
Ecoli_SRP_IDT2_mod_111nt	130	8	G	46	17	0.0051438	0.00510983	0.113876
Ecoli_SRP_IDT2_mod_111nt	130	9	C	20	10	0	0	0.113876
Ecoli_SRP_IDT2_mod_111nt	130	10	T	28	17	0	0	0.113876
Ecoli_SRP_IDT2_mod_111nt	130	11	C	93	24	0.0231295	0.0230002	0.113876
Ecoli_SRP_IDT2_mod_111nt	130	12	T	26	13	0	0	0.113876
Ecoli_SRP_IDT2_mod_111nt	130	13	G	18	7	0.00153982	0.00152934	0.113876
Ecoli_SRP_IDT2_mod_111nt	130	14	T	82	13	0.0301963	0.0300395	0.113876
Ecoli_SRP_IDT2_mod_111nt	130	15	T	65	17	0.015568	0.0154743	0.113876
Ecoli_SRP_IDT2_mod_111nt	130	16	G	31	18	0	0	0.113876
Ecoli_SRP_IDT2_mod_111nt	130	17	G	1774	1083	0	0	0.113876
Ecoli_SRP_IDT2_mod_111nt	130	18	T	340	148	0.0128944	0.0128149	0.113876
Ecoli_SRP_IDT2_mod_111nt	130	19	T	42	10	0.0102254	0.0101608	0.113876
Ecoli_SRP_IDT2_mod_111nt	130	20	C	18	10	0	0	0.113876
Ecoli_SRP_IDT2_mod_111nt	130	21	T	19	10	0	0	0.113876
Ecoli_SRP_IDT2_mod_111nt	130	22	C	29	19	0	0	0.113876
Ecoli_SRP_IDT2_mod_111nt	130	23	C	84	24	0.0161262	0.0160297	0.113876
Ecoli_SRP_IDT2_mod_111nt	130	24	C	73	35	0	0	0.113876
Ecoli_SRP_IDT2_mod_111nt	130	25	G	43	30	0	0	0.113876
Ecoli_SRP_IDT2_mod_111nt	130	26	C	88	48	0	0	0.113876
Ecoli_SRP_IDT2_mod_111nt	130	27	A	37	19	0	0	0.113876
Ecoli_SRP_IDT2_mod_111nt	130	28	A	18	8	0.000486803	0.000483461	0.113876
Ecoli_SRP_IDT2_mod_111nt	130	29	C	63	35	0	0	0.113876
Ecoli_SRP_IDT2_mod_111nt	130	30	G	6	4	0	0	0.113876
Ecoli_SRP_IDT2_mod_111nt	130	31	C	177	61	0.0225946	0.0224676	0.113876
Ecoli_SRP_IDT2_mod_111nt	130	32	T	149	47	0.023101	0.0229717	0.113876
Ecoli_SRP_IDT2_mod_111nt	130	33	A	16	13	0	0	0.113876
Ecoli_SRP_IDT2_mod_111nt	130	34	C	14	17	0	0	0.113876
Ecoli_SRP_IDT2_mod_111nt	130	35	T	47	13	0.00907008	0.00901218	0.113876
Ecoli_SRP_IDT2_mod_111nt	130	36	C	51	17	0.00691307	0.0068681	0.113876
Ecoli_SRP_IDT2_mod_111nt	130	37	T	93	18	0.0254412	0.0253023	0.113876
Ecoli_SRP_IDT2_mod_111nt	130	38	G	65	32	0	0	0.113876
Ecoli_SRP_IDT2_mod_111nt	130	39	T	19	7	0.00186823	0.00185555	0.113876
Ecoli_SRP_IDT2_mod_111nt	130	40	T	88	13	0.0277916	0.0276435	0.113876
Ecoli_SRP_IDT2_mod_111nt	130	41	T	395	86	0.0952027	0.0950591	0.113876
Ecoli_SRP_IDT2_mod_111nt	130	42	A	154	46	0.0243306	0.0241962	0.113876
Ecoli_SRP_IDT2_mod_111nt	130	43	C	70	31	0.00114507	0.00113725	0.113876
Ecoli_SRP_IDT2_mod_111nt	130	44	C	321	83	0.061801	0.0615905	0.113876
Ecoli_SRP_IDT2_mod_111nt	130	45	A	51	6	0.0166187	0.0165197	0.113876
Ecoli_SRP_IDT2_mod_111nt	130	46	G	32	12	0.00247988	0.00246313	0.113876
Ecoli_SRP_IDT2_mod_111nt	130	47	G	100	23	0.0215887	0.0214661	0.113876
Ecoli_SRP_IDT2_mod_111nt	130	48	T	26	11	0.000778376	0.000773044	0.113876
Ecoli_SRP_IDT2_mod_111nt	130	49	C	103	50	0	0	0.113876
Ecoli_SRP_IDT2_mod_111nt	130	50	A	25	3	0.00796419	0.00791286	0.113876
Ecoli_SRP_IDT2_mod_111nt	130	51	G	6	3	0	0	0.113876
Ecoli_SRP_IDT2_mod_111nt	130	52	G	42	16	0.00291911	0.00289947	0.113876
Ecoli_SRP_IDT2_mod_111nt	130	53	T	7	4	0	0	0.113876
Ecoli_SRP_IDT2_mod_111nt	130	54	C	25	4	0.00698001	0.00693463	0.113876
Ecoli_SRP_IDT2_mod_111nt	130	55	C	34	18	0	0	0.113876
Ecoli_SRP_IDT2_mod_111nt	130	56	G	22	8	0.00187761	0.00186486	0.113876
Ecoli_SRP_IDT2_mod_111nt	130	57	G	124	23	0.0313282	0.0311675	0.113876
Ecoli_SRP_IDT2_mod_111nt	130	58	A	61	11	0.0156249	0.0155309	0.113876
Ecoli_SRP_IDT2_mod_111nt	130	59	A	23	3	0.00696069	0.00691543	0.113876
Ecoli_SRP_IDT2_mod_111nt	130	60	G	20	8	0.000958883	0.000952325	0.113876
Ecoli_SRP_IDT2_mod_111nt	130	61	G	75	25	0.00828036	0.00822713	0.113876
Ecoli_SRP_IDT2_mod_111nt	130	62	A	28	12	0.000573041	0.00056911	0.113876
Ecoli_SRP_IDT2_mod_111nt	130	63	A	9	8	0	0	0.113876
Ecoli_SRP_IDT2_mod_111nt	130	64	G	47	15	0.00578426	0.00574627	0.113876
Ecoli_SRP_IDT2_mod_111nt	130	65	C	42	19	0	0	0.113876
Ecoli_SRP_IDT2_mod_111nt	130	66	A	39	16	0.00145549	0.00144557	0.113876
Ecoli_SRP_IDT2_mod_111nt	130	67	G	37	25	0	0	0.113876
Ecoli_SRP_IDT2_mod_111nt	130	68	C	19	21	0	0	0.113876
Ecoli_SRP_IDT2_mod_111nt	130	69	C	39	21	0	0	0.113876
Ecoli_SRP_IDT2_mod_111nt	130	70	A	10	3	0.00140252	0.00139296	0.113876
Ecoli_SRP_IDT2_mod_111nt	130	71	A	14	4	0.00214692	0.00213238	0.113876
Ecoli_SRP_IDT2_mod_111nt	130	72	G	9	7	0	0	0.113876
Ecoli_SRP_IDT2_mod_111nt	130	73	G	33	16	0	0	0.113876
Ecoli_SRP_IDT2_mod_111nt	130	74	C	36	32	0	0	0.113876
Ecoli_SRP_IDT2_mod_111nt	130	75	A	5	2	0.000239731	0.000238082	0.113876
Ecoli_SRP_IDT2_mod_111nt	130	76	G	56	35	0	0	0.113876
Ecoli_SRP_IDT2_mod_111nt	130	77	A	2	3	0	0	0.113876
Ecoli_SRP_IDT2_mod_111nt	130	78	T	2	0	0.000830551	0.000824864	0.113876
Ecoli_SRP_IDT2_mod_111nt	130	79	G	24	16	0	0	0.113876
Ecoli_SRP_IDT2_mod_111nt	130	80	A	5	2	0.000241728	0.000240065	0.113876
Ecoli_SRP_IDT2_mod_111nt	130	81	C	27	10	0.00203523	0.00202144	0.113876
Ecoli_SRP_IDT2_mod_111nt	130	82	G	29	10	0.00285762	0.00283838	0.113876
Ecoli_SRP_IDT2_mod_111nt	130	83	C	49	24	0	0	0.113876
Ecoli_SRP_IDT2_mod_111nt	130	84	G	67	31	0	0	0.113876
Ecoli_SRP_IDT2_mod_111nt	130	85	T	20	14	0	0	0.113876
Ecoli_SRP_IDT2_mod_111nt	130	86	G	142	40	0.0219159	0.0217918	0.113876
Ecoli_SRP_IDT2_mod_111nt	130	87	T	104	54	0	0	0.113876
Ecoli_SRP_IDT2_mod_111nt	130	88	G	47	22	0	0	0.113876
Ecoli_SRP_IDT2_mod_111nt	130	89	C	22	13	0	0	0.113876
Ecoli_SRP_IDT2_mod_111nt	130	90	C	19	11	0	0	0.113876
Ecoli_SRP_IDT2_mod_111nt	130	91	G	6	2	0.000638754	0.000634374	0.113876
Ecoli_SRP_IDT2_mod_111nt	130	92	G	5	1	0.00112828	0.00112058	0.113876
Ecoli_SRP_IDT2_mod_111nt	130	93	G	235	122	0	0	0.113876
Ecoli_SRP_IDT2_mod_111nt	130	94	A	14	13	0	0	0.113876
Ecoli_SRP_IDT2_mod_111nt	130	95	T	4	2	0	0	0.113876
Ecoli_SRP_IDT2_mod_111nt	130	96	G	19	8	0.00053979	0.000536086	0.113876
Ecoli_SRP_IDT2_mod_111nt	130	97	T	7	2	0.0010335	0.00102644	0.113876
Ecoli_SRP_IDT2_mod_111nt	130	98	A	0	1	0	0	0.113876
Ecoli_SRP_IDT2_mod_111nt	130	99	G	2	2	0	0	0.113876
Ecoli_SRP_IDT2_mod_111nt	130	100	C	4	5	0	0	0.113876
Ecoli_SRP_IDT2_mod_111nt	130	101	T	2	1	0	0	0.113876
Ecoli_SRP_IDT2_mod_111nt	130	102	G	7	6	0	0	0.113876
Ecoli_SRP_IDT2_mod_111nt	130	103	G	13	16	0	0	0.113876
Ecoli_SRP_IDT2_mod_111nt	130	104	C	66	38	0	0	0.113876
Ecoli_SRP_IDT2_mod_111nt	130	105	A	13	8	0	0	0.113876
Ecoli_SRP_IDT2_mod_111nt	130	106	G	15	8	0	0	0.113876
Ecoli_SRP_IDT2_mod_111nt	130	107	G	31	23	0	0	0.113876
Ecoli_SRP_IDT2_mod_111nt	130	108	G	15	25	0	0	0.113876
Ecoli_SRP_IDT2_mod_111nt	130	109	C	13	35	0	0	0.113876
Ecoli_SRP_IDT2_mod_111nt	130	110	C	35	133	0	0	0.113876
Ecoli_SRP_IDT2_mod_111nt	130	111	C	1200	2432	0	0	0.113876
Ecoli_SRP_IDT2_mod_111nt	130	112	C	4	14	0	0	0.113876
Ecoli_SRP_IDT2_mod_111nt	130	113	T	14	65	0	0	0.113876
Ecoli_SRP_IDT2_mod_111nt	130	114	G	36	77	0	0	0.113876
Ecoli_SRP_IDT2_mod_111nt	130	115	A	0	0	0	0	0.113876
Ecoli_SRP_IDT2_mod_111nt	130	116	C	1	2	0	0	0.113876
Ecoli_SRP_IDT2_mod_111nt	130	117	T	0	0	0	0	0.113876
Ecoli_SRP_IDT2_mod_111nt	130	118	C	0	0	0	0	0.113876
Ecoli_SRP_IDT2_mod_111nt	130	119	G	0	0	0	0	0.113876
Ecoli_SRP_IDT2_mod_111nt	130	120	G	0	0	0	0	0.113876
Ecoli_SRP_IDT2_mod_111nt	130	121	G	0	0	0	0	0.113876
Ecoli_SRP_IDT2_mod_111nt	130	122	C	0	0	0	0	0.113876
Ecoli_SRP_IDT2_mod_111nt	130	123	A	0	0	0	0	0.113876
Ecoli_SRP_IDT2_mod_111nt	130	124	C	0	0	0	0	0.113876
Ecoli_SRP_IDT2_mod_111nt	130	125	C	0	0	0	0	0.113876
Ecoli_SRP_IDT2_mod_111nt	130	126	A	0	0	0	0	0.113876
Ecoli_SRP_IDT2_mod_111nt	130	127	A	0	0	0	0	0.113876
Ecoli_SRP_IDT2_mod_111nt	130	128	G	0	0	0	0	0.113876
Ecoli_SRP_IDT2_mod_111nt	130	129	G	0	0	0	0	0.113876
