sequence	rt_start	five_prime_offset	nucleotide	treated_mods	untreated_mods	beta	theta	c
Ecoli_SRP_IDT2_mod_116nt	135	0	*	23584	15467	-	-	0.109711
Ecoli_SRP_IDT2_mod_116nt	135	1	A	1337	226	0.366247	0.370395	0.109711
Ecoli_SRP_IDT2_mod_116nt	135	2	T	323	48	0.0899076	0.0895417	0.109711
Ecoli_SRP_IDT2_mod_116nt	135	3	C	48	5	0.0145388	0.0144202	0.109711
Ecoli_SRP_IDT2_mod_116nt	135	4	G	24	6	0.00521783	0.00517261	0.109711
Ecoli_SRP_IDT2_mod_116nt	135	5	G	5	6	0	0	0.109711
Ecoli_SRP_IDT2_mod_116nt	135	6	G	18	8	0.00186748	0.00185096	0.109711
Ecoli_SRP_IDT2_mod_116nt	135	7	G	24	17	0	0	0.109711
Ecoli_SRP_IDT2_mod_116nt	135	8	G	46	48	0	0	0.109711
Ecoli_SRP_IDT2_mod_116nt	135	9	C	24	22	0	0	0.109711
Ecoli_SRP_IDT2_mod_116nt	135	10	T	29	27	0	0	0.109711
Ecoli_SRP_IDT2_mod_116nt	135	11	C	85	50	0.00173884	0.00172345	0.109711
Ecoli_SRP_IDT2_mod_116nt	135	12	T	27	18	0	0	0.109711
Ecoli_SRP_IDT2_mod_116nt	135	13	G	14	17	0	0	0.109711
Ecoli_SRP_IDT2_mod_116nt	135	14	T	72	32	0.00742362	0.00736018	0.109711
Ecoli_SRP_IDT2_mod_116nt	135	15	T	74	36	0.00580914	0.00575899	0.109711
Ecoli_SRP_IDT2_mod_116nt	135	16	G	45	23	0.00288396	0.0028586	0.109711
Ecoli_SRP_IDT2_mod_116nt	135	17	G	2071	1964	0	0	0.109711
Ecoli_SRP_IDT2_mod_116nt	135	18	T	326	248	0	0	0.109711
Ecoli_SRP_IDT2_mod_116nt	135	19	T	25	16	0.000105044	0.000104105	0.109711
Ecoli_SRP_IDT2_mod_116nt	135	20	C	21	20	0	0	0.109711
Ecoli_SRP_IDT2_mod_116nt	135	21	T	28	19	0	0	0.109711
Ecoli_SRP_IDT2_mod_116nt	135	22	C	37	25	0	0	0.109711
Ecoli_SRP_IDT2_mod_116nt	135	23	C	84	46	0.00424089	0.00420392	0.109711
Ecoli_SRP_IDT2_mod_116nt	135	24	C	107	79	0	0	0.109711
Ecoli_SRP_IDT2_mod_116nt	135	25	G	56	30	0.00314329	0.0031157	0.109711
Ecoli_SRP_IDT2_mod_116nt	135	26	C	115	79	0	0	0.109711
Ecoli_SRP_IDT2_mod_116nt	135	27	A	63	40	0.000425893	0.000422093	0.109711
Ecoli_SRP_IDT2_mod_116nt	135	28	A	18	11	0.00033288	0.000329908	0.109711
Ecoli_SRP_IDT2_mod_116nt	135	29	C	101	38	0.0135284	0.0134172	0.109711
Ecoli_SRP_IDT2_mod_116nt	135	30	G	20	6	0.00342214	0.00339215	0.109711
Ecoli_SRP_IDT2_mod_116nt	135	31	C	218	114	0.0132569	0.0131478	0.109711
Ecoli_SRP_IDT2_mod_116nt	135	32	T	184	100	0.00921308	0.00913524	0.109711
Ecoli_SRP_IDT2_mod_116nt	135	33	A	38	28	0	0	0.109711
Ecoli_SRP_IDT2_mod_116nt	135	34	C	24	12	0.00170083	0.00168577	0.109711
Ecoli_SRP_IDT2_mod_116nt	135	35	T	63	19	0.0105121	0.010424	0.109711
Ecoli_SRP_IDT2_mod_116nt	135	36	C	77	42	0.00371191	0.00367944	0.109711
Ecoli_SRP_IDT2_mod_116nt	135	37	T	148	72	0.0112884	0.0111943	0.109711
Ecoli_SRP_IDT2_mod_116nt	135	38	G	98	59	0.00197671	0.00195923	0.109711
Ecoli_SRP_IDT2_mod_116nt	135	39	T	38	12	0.00598799	0.00593636	0.109711
Ecoli_SRP_IDT2_mod_116nt	135	40	T	118	38	0.0181564	0.0180118	0.109711
Ecoli_SRP_IDT2_mod_116nt	135	41	T	711	240	0.101474	0.101125	0.109711
Ecoli_SRP_IDT2_mod_116nt	135	42	A	284	75	0.049457	0.0491468	0.109711
Ecoli_SRP_IDT2_mod_116nt	135	43	C	143	89	0.00062361	0.000618052	0.109711
Ecoli_SRP_IDT2_mod_116nt	135	44	C	460	224	0.030805	0.0305806	0.109711
Ecoli_SRP_IDT2_mod_116nt	135	45	A	72	11	0.0159065	0.0157778	0.109711
Ecoli_SRP_IDT2_mod_116nt	135	46	G	41	14	0.00545447	0.00540727	0.109711
Ecoli_SRP_IDT2_mod_116nt	135	47	G	139	61	0.0121459	0.0120452	0.109711
Ecoli_SRP_IDT2_mod_116nt	135	48	T	43	33	0	0	0.109711
Ecoli_SRP_IDT2_mod_116nt	135	49	C	137	80	0.00273719	0.00271311	0.109711
Ecoli_SRP_IDT2_mod_116nt	135	50	A	35	11	0.00503109	0.00498745	0.109711
Ecoli_SRP_IDT2_mod_116nt	135	51	G	23	5	0.00432548	0.00428779	0.109711
Ecoli_SRP_IDT2_mod_116nt	135	52	G	48	35	0	0	0.109711
Ecoli_SRP_IDT2_mod_116nt	135	53	T	20	15	0	0	0.109711
Ecoli_SRP_IDT2_mod_116nt	135	54	C	37	10	0.00603947	0.00598741	0.109711
Ecoli_SRP_IDT2_mod_116nt	135	55	C	92	21	0.0167321	0.0165975	0.109711
Ecoli_SRP_IDT2_mod_116nt	135	56	G	44	14	0.00617484	0.00612166	0.109711
Ecoli_SRP_IDT2_mod_116nt	135	57	G	259	42	0.0543645	0.054038	0.109711
Ecoli_SRP_IDT2_mod_116nt	135	58	A	96	22	0.0171223	0.016985	0.109711
Ecoli_SRP_IDT2_mod_116nt	135	59	A	30	8	0.00482759	0.00478566	0.109711
Ecoli_SRP_IDT2_mod_116nt	135	60	G	30	12	0.00300016	0.00297381	0.109711
Ecoli_SRP_IDT2_mod_116nt	135	61	G	117	61	0.00520804	0.00516291	0.109711
Ecoli_SRP_IDT2_mod_116nt	135	62	A	42	31	0	0	0.109711
Ecoli_SRP_IDT2_mod_116nt	135	63	A	30	19	0	0	0.109711
Ecoli_SRP_IDT2_mod_116nt	135	64	G	63	54	0	0	0.109711
Ecoli_SRP_IDT2_mod_116nt	135	65	C	71	51	0	0	0.109711
Ecoli_SRP_IDT2_mod_116nt	135	66	A	51	37	0	0	0.109711
Ecoli_SRP_IDT2_mod_116nt	135	67	G	74	42	0.00174478	0.00172933	0.109711
Ecoli_SRP_IDT2_mod_116nt	135	68	C	34	37	0	0	0.109711
Ecoli_SRP_IDT2_mod_116nt	135	69	C	66	67	0	0	0.109711
Ecoli_SRP_IDT2_mod_116nt	135	70	A	19	8	0.00169781	0.00168278	0.109711
Ecoli_SRP_IDT2_mod_116nt	135	71	A	11	8	0	0	0.109711
Ecoli_SRP_IDT2_mod_116nt	135	72	G	20	16	0	0	0.109711
Ecoli_SRP_IDT2_mod_116nt	135	73	G	56	32	0.00124281	0.00123178	0.109711
Ecoli_SRP_IDT2_mod_116nt	135	74	C	56	60	0	0	0.109711
Ecoli_SRP_IDT2_mod_116nt	135	75	A	6	7	0	0	0.109711
Ecoli_SRP_IDT2_mod_116nt	135	76	G	85	53	0	0	0.109711
Ecoli_SRP_IDT2_mod_116nt	135	77	A	18	8	0.00141438	0.00140184	0.109711
Ecoli_SRP_IDT2_mod_116nt	135	78	T	2	2	0	0	0.109711
Ecoli_SRP_IDT2_mod_116nt	135	79	G	55	26	0.00362601	0.00359428	0.109711
Ecoli_SRP_IDT2_mod_116nt	135	80	A	6	9	0	0	0.109711
Ecoli_SRP_IDT2_mod_116nt	135	81	C	36	22	0.000171329	0.000169798	0.109711
Ecoli_SRP_IDT2_mod_116nt	135	82	G	14	11	0	0	0.109711
Ecoli_SRP_IDT2_mod_116nt	135	83	C	36	20	0.00105298	0.00104362	0.109711
Ecoli_SRP_IDT2_mod_116nt	135	84	G	34	22	0	0	0.109711
Ecoli_SRP_IDT2_mod_116nt	135	85	T	34	8	0.0057792	0.0057293	0.109711
Ecoli_SRP_IDT2_mod_116nt	135	86	G	86	26	0.0120455	0.0119456	0.109711
Ecoli_SRP_IDT2_mod_116nt	135	87	T	37	23	0	0	0.109711
Ecoli_SRP_IDT2_mod_116nt	135	88	G	37	18	0.00217723	0.00215801	0.109711
Ecoli_SRP_IDT2_mod_116nt	135	89	C	15	5	0.00188849	0.00187179	0.109711
Ecoli_SRP_IDT2_mod_116nt	135	90	C	8	7	0	0	0.109711
Ecoli_SRP_IDT2_mod_116nt	135	91	G	1	6	0	0	0.109711
Ecoli_SRP_IDT2_mod_116nt	135	92	G	7	12	0	0	0.109711
Ecoli_SRP_IDT2_mod_116nt	135	93	G	236	228	0	0	0.109711
Ecoli_SRP_IDT2_mod_116nt	135	94	A	58	21	0.00655156	0.00649526	0.109711
Ecoli_SRP_IDT2_mod_116nt	135	95	T	10	11	0	0	0.109711
Ecoli_SRP_IDT2_mod_116nt	135	96	G	86	88	0	0	0.109711
Ecoli_SRP_IDT2_mod_116nt	135	97	T	168	55	0.0213586	0.0211922	0.109711
Ecoli_SRP_IDT2_mod_116nt	135	98	A	6	5	0	0	0.109711
Ecoli_SRP_IDT2_mod_116nt	135	99	G	17	12	0	0	0.109711
Ecoli_SRP_IDT2_mod_116nt	135	100	C	3	5	0	0	0.109711
Ecoli_SRP_IDT2_mod_116nt	135	101	T	10	18	0	0	0.109711
Ecoli_SRP_IDT2_mod_116nt	135	102	G	33	51	0	0	0.109711
Ecoli_SRP_IDT2_mod_116nt	135	103	G	10	7	0	0	0.109711
Ecoli_SRP_IDT2_mod_116nt	135	104	C	78	64	0	0	0.109711
Ecoli_SRP_IDT2_mod_116nt	135	105	A	9	4	0.000690389	0.000684238	0.109711
Ecoli_SRP_IDT2_mod_116nt	135	106	G	4	5	0	0	0.109711
Ecoli_SRP_IDT2_mod_116nt	135	107	G	30	31	0	0	0.109711
Ecoli_SRP_IDT2_mod_116nt	135	108	G	67	69	0	0	0.109711
Ecoli_SRP_IDT2_mod_116nt	135	109	C	60	84	0	0	0.109711
Ecoli_SRP_IDT2_mod_116nt	135	110	C	71	87	0	0	0.109711
Ecoli_SRP_IDT2_mod_116nt	135	111	C	16	19	0	0	0.109711
Ecoli_SRP_IDT2_mod_116nt	135	112	C	20	12	0.000238442	0.000236312	0.109711
Ecoli_SRP_IDT2_mod_116nt	135	113	C	11	20	0	0	0.109711
Ecoli_SRP_IDT2_mod_116nt	135	114	A	19	39	0	0	0.109711
Ecoli_SRP_IDT2_mod_116nt	135	115	C	48	154	0	0	0.109711
Ecoli_SRP_IDT2_mod_116nt	135	116	C	1256	2286	0	0	0.109711
Ecoli_SRP_IDT2_mod_116nt	135	117	C	7	10	0	0	0.109711
Ecoli_SRP_IDT2_mod_116nt	135	118	T	18	58	0	0	0.109711
Ecoli_SRP_IDT2_mod_116nt	135	119	G	31	83	0	0	0.109711
Ecoli_SRP_IDT2_mod_116nt	135	120	A	1	1	0	0	0.109711
Ecoli_SRP_IDT2_mod_116nt	135	121	C	1	0	0.000253981	0.000251713	0.109711
Ecoli_SRP_IDT2_mod_116nt	135	122	T	0	0	0	0	0.109711
Ecoli_SRP_IDT2_mod_116nt	135	123	C	0	0	0	0	0.109711
Ecoli_SRP_IDT2_mod_116nt	135	124	G	0	0	0	0	0.109711
Ecoli_SRP_IDT2_mod_116nt	135	125	G	0	0	0	0	0.109711
Ecoli_SRP_IDT2_mod_116nt	135	126	G	0	0	0	0	0.109711
Ecoli_SRP_IDT2_mod_116nt	135	127	C	0	0	0	0	0.109711
Ecoli_SRP_IDT2_mod_116nt	135	128	A	0	0	0	0	0.109711
Ecoli_SRP_IDT2_mod_116nt	135	129	C	0	0	0	0	0.109711
Ecoli_SRP_IDT2_mod_116nt	135	130	C	0	0	0	0	0.109711
Ecoli_SRP_IDT2_mod_116nt	135	131	A	0	0	0	0	0.109711
Ecoli_SRP_IDT2_mod_116nt	135	132	A	0	0	0	0	0.109711
Ecoli_SRP_IDT2_mod_116nt	135	133	G	0	0	0	0	0.109711
Ecoli_SRP_IDT2_mod_116nt	135	134	G	0	0	0	0	0.109711
