sequence	rt_start	five_prime_offset	nucleotide	treated_mods	untreated_mods	beta	theta	c
Ecoli_SRP_IDT2_mod_107nt	126	0	*	3502	3817	-	-	0.254322
Ecoli_SRP_IDT2_mod_107nt	126	1	A	177	72	0.119158	0.120396	0.254322
Ecoli_SRP_IDT2_mod_107nt	126	2	T	60	29	0.0344166	0.0343971	0.254322
Ecoli_SRP_IDT2_mod_107nt	126	3	C	6	2	0.00431694	0.00429804	0.254322
Ecoli_SRP_IDT2_mod_107nt	126	4	G	15	4	0.0117478	0.0117074	0.254322
Ecoli_SRP_IDT2_mod_107nt	126	5	G	3	0	0.00315026	0.003136	0.254322
Ecoli_SRP_IDT2_mod_107nt	126	6	G	10	7	0.0034427	0.00342724	0.254322
Ecoli_SRP_IDT2_mod_107nt	126	7	G	8	1	0.00735761	0.00732821	0.254322
Ecoli_SRP_IDT2_mod_107nt	126	8	G	18	20	0	0	0.254322
Ecoli_SRP_IDT2_mod_107nt	126	9	C	6	6	0.000241229	0.000240049	0.254322
Ecoli_SRP_IDT2_mod_107nt	126	10	T	11	15	0	0	0.254322
Ecoli_SRP_IDT2_mod_107nt	126	11	C	39	9	0.0311153	0.0310847	0.254322
Ecoli_SRP_IDT2_mod_107nt	126	12	T	16	4	0.0123797	0.0123381	0.254322
Ecoli_SRP_IDT2_mod_107nt	126	13	G	3	6	0	0	0.254322
Ecoli_SRP_IDT2_mod_107nt	126	14	T	44	3	0.0414397	0.0414534	0.254322
Ecoli_SRP_IDT2_mod_107nt	126	15	T	50	7	0.0429553	0.0429778	0.254322
Ecoli_SRP_IDT2_mod_107nt	126	16	G	22	10	0.0119683	0.0119274	0.254322
Ecoli_SRP_IDT2_mod_107nt	126	17	G	539	554	0	0	0.254322
Ecoli_SRP_IDT2_mod_107nt	126	18	T	132	68	0.0547247	0.0548358	0.254322
Ecoli_SRP_IDT2_mod_107nt	126	19	T	28	1	0.0227483	0.0227017	0.254322
Ecoli_SRP_IDT2_mod_107nt	126	20	C	5	1	0.00335745	0.00334234	0.254322
Ecoli_SRP_IDT2_mod_107nt	126	21	T	10	3	0.00584864	0.00582416	0.254322
Ecoli_SRP_IDT2_mod_107nt	126	22	C	8	5	0.00245704	0.00244571	0.254322
Ecoli_SRP_IDT2_mod_107nt	126	23	C	13	4	0.00747764	0.00744787	0.254322
Ecoli_SRP_IDT2_mod_107nt	126	24	C	23	22	0.000528923	0.000526354	0.254322
Ecoli_SRP_IDT2_mod_107nt	126	25	G	13	15	0	0	0.254322
Ecoli_SRP_IDT2_mod_107nt	126	26	C	41	23	0.0145048	0.01446	0.254322
Ecoli_SRP_IDT2_mod_107nt	126	27	A	14	6	0.00646562	0.00643905	0.254322
Ecoli_SRP_IDT2_mod_107nt	126	28	A	3	4	0	0	0.254322
Ecoli_SRP_IDT2_mod_107nt	126	29	C	32	21	0.00859407	0.00856106	0.254322
Ecoli_SRP_IDT2_mod_107nt	126	30	G	4	3	0.000756192	0.00075254	0.254322
Ecoli_SRP_IDT2_mod_107nt	126	31	C	84	33	0.0401737	0.0401805	0.254322
Ecoli_SRP_IDT2_mod_107nt	126	32	T	55	28	0.0206027	0.0205549	0.254322
Ecoli_SRP_IDT2_mod_107nt	126	33	A	14	4	0.00776481	0.00773418	0.254322
Ecoli_SRP_IDT2_mod_107nt	126	34	C	5	4	0.000656407	0.000653229	0.254322
Ecoli_SRP_IDT2_mod_107nt	126	35	T	10	6	0.00294852	0.0029351	0.254322
Ecoli_SRP_IDT2_mod_107nt	126	36	C	18	19	0	0	0.254322
Ecoli_SRP_IDT2_mod_107nt	126	37	T	30	10	0.0152543	0.0152085	0.254322
Ecoli_SRP_IDT2_mod_107nt	126	38	G	20	13	0.00496469	0.00494335	0.254322
Ecoli_SRP_IDT2_mod_107nt	126	39	T	3	1	0.00151439	0.00150722	0.254322
Ecoli_SRP_IDT2_mod_107nt	126	40	T	38	10	0.0211884	0.0211408	0.254322
Ecoli_SRP_IDT2_mod_107nt	126	41	T	141	44	0.0709158	0.0712076	0.254322
Ecoli_SRP_IDT2_mod_107nt	126	42	A	62	30	0.0220781	0.022031	0.254322
Ecoli_SRP_IDT2_mod_107nt	126	43	C	16	20	0	0	0.254322
Ecoli_SRP_IDT2_mod_107nt	126	44	C	83	43	0.0266493	0.0266079	0.254322
Ecoli_SRP_IDT2_mod_107nt	126	45	A	23	1	0.0158687	0.0158223	0.254322
Ecoli_SRP_IDT2_mod_107nt	126	46	G	16	5	0.00761828	0.00758809	0.254322
Ecoli_SRP_IDT2_mod_107nt	126	47	G	25	25	0	0	0.254322
Ecoli_SRP_IDT2_mod_107nt	126	48	T	6	3	0.00195713	0.00194798	0.254322
Ecoli_SRP_IDT2_mod_107nt	126	49	C	39	28	0.00600833	0.00598329	0.254322
Ecoli_SRP_IDT2_mod_107nt	126	50	A	12	2	0.00698033	0.0069521	0.254322
Ecoli_SRP_IDT2_mod_107nt	126	51	G	6	0	0.00426341	0.00424471	0.254322
Ecoli_SRP_IDT2_mod_107nt	126	52	G	27	6	0.0144399	0.0143951	0.254322
Ecoli_SRP_IDT2_mod_107nt	126	53	T	5	1	0.0027549	0.0027423	0.254322
Ecoli_SRP_IDT2_mod_107nt	126	54	C	8	3	0.00331282	0.00329789	0.254322
Ecoli_SRP_IDT2_mod_107nt	126	55	C	24	16	0.00446958	0.00445009	0.254322
Ecoli_SRP_IDT2_mod_107nt	126	56	G	12	5	0.00454384	0.00452407	0.254322
Ecoli_SRP_IDT2_mod_107nt	126	57	G	73	19	0.0359907	0.0359776	0.254322
Ecoli_SRP_IDT2_mod_107nt	126	58	A	35	16	0.0118027	0.0117621	0.254322
Ecoli_SRP_IDT2_mod_107nt	126	59	A	8	3	0.00319039	0.00317596	0.254322
Ecoli_SRP_IDT2_mod_107nt	126	60	G	15	8	0.00414186	0.00412363	0.254322
Ecoli_SRP_IDT2_mod_107nt	126	61	G	37	28	0.00383087	0.00381385	0.254322
Ecoli_SRP_IDT2_mod_107nt	126	62	A	18	15	0.000798821	0.000794968	0.254322
Ecoli_SRP_IDT2_mod_107nt	126	63	A	12	7	0.00280887	0.00279603	0.254322
Ecoli_SRP_IDT2_mod_107nt	126	64	G	16	19	0	0	0.254322
Ecoli_SRP_IDT2_mod_107nt	126	65	C	25	11	0.00851572	0.00848294	0.254322
Ecoli_SRP_IDT2_mod_107nt	126	66	A	30	7	0.0148079	0.0147627	0.254322
Ecoli_SRP_IDT2_mod_107nt	126	67	G	26	11	0.00905273	0.00901849	0.254322
Ecoli_SRP_IDT2_mod_107nt	126	68	C	6	17	0	0	0.254322
Ecoli_SRP_IDT2_mod_107nt	126	69	C	23	18	0.00178412	0.00177573	0.254322
Ecoli_SRP_IDT2_mod_107nt	126	70	A	9	6	0.0014743	0.00146732	0.254322
Ecoli_SRP_IDT2_mod_107nt	126	71	A	7	4	0.00164172	0.00163397	0.254322
Ecoli_SRP_IDT2_mod_107nt	126	72	G	12	10	0.000464134	0.000461876	0.254322
Ecoli_SRP_IDT2_mod_107nt	126	73	G	21	19	0	0	0.254322
Ecoli_SRP_IDT2_mod_107nt	126	74	C	33	26	0.00237221	0.00236123	0.254322
Ecoli_SRP_IDT2_mod_107nt	126	75	A	1	2	0	0	0.254322
Ecoli_SRP_IDT2_mod_107nt	126	76	G	38	38	0	0	0.254322
Ecoli_SRP_IDT2_mod_107nt	126	77	A	5	2	0.00177972	0.00177136	0.254322
Ecoli_SRP_IDT2_mod_107nt	126	78	T	4	2	0.00112915	0.00112375	0.254322
Ecoli_SRP_IDT2_mod_107nt	126	79	G	13	9	0.0018317	0.0018231	0.254322
Ecoli_SRP_IDT2_mod_107nt	126	80	A	3	3	0	0	0.254322
Ecoli_SRP_IDT2_mod_107nt	126	81	C	22	23	0	0	0.254322
Ecoli_SRP_IDT2_mod_107nt	126	82	G	17	9	0.00439257	0.00437338	0.254322
Ecoli_SRP_IDT2_mod_107nt	126	83	C	24	14	0.00522954	0.00520724	0.254322
Ecoli_SRP_IDT2_mod_107nt	126	84	G	24	19	0.0015834	0.00157592	0.254322
Ecoli_SRP_IDT2_mod_107nt	126	85	T	55	25	0.0168679	0.0168208	0.254322
Ecoli_SRP_IDT2_mod_107nt	126	86	G	91	37	0.0304775	0.030445	0.254322
Ecoli_SRP_IDT2_mod_107nt	126	87	T	88	34	0.0301296	0.0300961	0.254322
Ecoli_SRP_IDT2_mod_107nt	126	88	G	42	10	0.018594	0.0185461	0.254322
Ecoli_SRP_IDT2_mod_107nt	126	89	C	7	8	0	0	0.254322
Ecoli_SRP_IDT2_mod_107nt	126	90	C	16	2	0.00832464	0.00829239	0.254322
Ecoli_SRP_IDT2_mod_107nt	126	91	G	5	0	0.00304053	0.00302672	0.254322
Ecoli_SRP_IDT2_mod_107nt	126	92	G	1	1	0	0	0.254322
Ecoli_SRP_IDT2_mod_107nt	126	93	G	22	12	0.00486809	0.00484711	0.254322
Ecoli_SRP_IDT2_mod_107nt	126	94	A	5	2	0.00161632	0.00160869	0.254322
Ecoli_SRP_IDT2_mod_107nt	126	95	T	6	1	0.00292442	0.0029111	0.254322
Ecoli_SRP_IDT2_mod_107nt	126	96	G	3	1	0.00110857	0.00110326	0.254322
Ecoli_SRP_IDT2_mod_107nt	126	97	T	2	5	0	0	0.254322
Ecoli_SRP_IDT2_mod_107nt	126	98	A	0	0	0	0	0.254322
Ecoli_SRP_IDT2_mod_107nt	126	99	G	2	1	0.000503811	0.000501363	0.254322
Ecoli_SRP_IDT2_mod_107nt	126	100	C	11	17	0	0	0.254322
Ecoli_SRP_IDT2_mod_107nt	126	101	T	1	0	0.000603186	0.000600262	0.254322
Ecoli_SRP_IDT2_mod_107nt	126	102	G	16	9	0.00331827	0.00330332	0.254322
Ecoli_SRP_IDT2_mod_107nt	126	103	G	11	53	0	0	0.254322
Ecoli_SRP_IDT2_mod_107nt	126	104	C	2	4	0	0	0.254322
Ecoli_SRP_IDT2_mod_107nt	126	105	A	3	2	0.000412233	0.000410225	0.254322
Ecoli_SRP_IDT2_mod_107nt	126	106	G	53	147	0	0	0.254322
Ecoli_SRP_IDT2_mod_107nt	126	107	G	1118	2107	0	0	0.254322
Ecoli_SRP_IDT2_mod_107nt	126	108	C	4	16	0	0	0.254322
Ecoli_SRP_IDT2_mod_107nt	126	109	T	15	54	0	0	0.254322
Ecoli_SRP_IDT2_mod_107nt	126	110	G	29	64	0	0	0.254322
Ecoli_SRP_IDT2_mod_107nt	126	111	A	1	0	0.000506404	0.000503943	0.254322
Ecoli_SRP_IDT2_mod_107nt	126	112	C	0	0	0	0	0.254322
Ecoli_SRP_IDT2_mod_107nt	126	113	T	0	0	0	0	0.254322
Ecoli_SRP_IDT2_mod_107nt	126	114	C	0	0	0	0	0.254322
Ecoli_SRP_IDT2_mod_107nt	126	115	G	0	0	0	0	0.254322
Ecoli_SRP_IDT2_mod_107nt	126	116	G	0	0	0	0	0.254322
Ecoli_SRP_IDT2_mod_107nt	126	117	G	0	0	0	0	0.254322
Ecoli_SRP_IDT2_mod_107nt	126	118	C	0	0	0	0	0.254322
Ecoli_SRP_IDT2_mod_107nt	126	119	A	0	0	0	0	0.254322
Ecoli_SRP_IDT2_mod_107nt	126	120	C	0	0	0	0	0.254322
Ecoli_SRP_IDT2_mod_107nt	126	121	C	0	0	0	0	0.254322
Ecoli_SRP_IDT2_mod_107nt	126	122	A	0	0	0	0	0.254322
Ecoli_SRP_IDT2_mod_107nt	126	123	A	0	0	0	0	0.254322
Ecoli_SRP_IDT2_mod_107nt	126	124	G	0	0	0	0	0.254322
Ecoli_SRP_IDT2_mod_107nt	126	125	G	0	0	0	0	0.254322
