sequence	rt_start	five_prime_offset	nucleotide	treated_mods	untreated_mods	beta	theta	c
Ecoli_SRP_IDT2_mod_84nt	103	0	*	6357	5124	-	-	0.19849
Ecoli_SRP_IDT2_mod_84nt	103	1	A	311	102	0.1401	0.14133	0.19849
Ecoli_SRP_IDT2_mod_84nt	103	2	T	74	25	0.0316268	0.0315597	0.19849
Ecoli_SRP_IDT2_mod_84nt	103	3	C	4	3	0.000111233	0.000110651	0.19849
Ecoli_SRP_IDT2_mod_84nt	103	4	G	9	0	0.00674777	0.00671688	0.19849
Ecoli_SRP_IDT2_mod_84nt	103	5	G	1	1	0	0	0.19849
Ecoli_SRP_IDT2_mod_84nt	103	6	G	2	6	0	0	0.19849
Ecoli_SRP_IDT2_mod_84nt	103	7	G	11	6	0.00246362	0.0024513	0.19849
Ecoli_SRP_IDT2_mod_84nt	103	8	G	44	23	0.010735	0.0106901	0.19849
Ecoli_SRP_IDT2_mod_84nt	103	9	C	24	18	0.000605771	0.000602632	0.19849
Ecoli_SRP_IDT2_mod_84nt	103	10	T	43	35	0	0	0.19849
Ecoli_SRP_IDT2_mod_84nt	103	11	C	93	39	0.0310724	0.0310047	0.19849
Ecoli_SRP_IDT2_mod_84nt	103	12	T	42	16	0.0153563	0.015299	0.19849
Ecoli_SRP_IDT2_mod_84nt	103	13	G	19	10	0.00432328	0.00430246	0.19849
Ecoli_SRP_IDT2_mod_84nt	103	14	T	54	26	0.0144211	0.014366	0.19849
Ecoli_SRP_IDT2_mod_84nt	103	15	T	70	17	0.0338385	0.0337741	0.19849
Ecoli_SRP_IDT2_mod_84nt	103	16	G	40	29	0.00134991	0.00134301	0.19849
Ecoli_SRP_IDT2_mod_84nt	103	17	G	2020	1657	0	0	0.19849
Ecoli_SRP_IDT2_mod_84nt	103	18	T	425	225	0.0705851	0.0707091	0.19849
Ecoli_SRP_IDT2_mod_84nt	103	19	T	41	13	0.012537	0.0124868	0.19849
Ecoli_SRP_IDT2_mod_84nt	103	20	C	18	14	0	0	0.19849
Ecoli_SRP_IDT2_mod_84nt	103	21	T	21	9	0.00478314	0.00476032	0.19849
Ecoli_SRP_IDT2_mod_84nt	103	22	C	54	38	0.00210187	0.00209128	0.19849
Ecoli_SRP_IDT2_mod_84nt	103	23	C	101	45	0.0214484	0.0213813	0.19849
Ecoli_SRP_IDT2_mod_84nt	103	24	C	142	82	0.0170468	0.0169861	0.19849
Ecoli_SRP_IDT2_mod_84nt	103	25	G	71	39	0.00970155	0.00965996	0.19849
Ecoli_SRP_IDT2_mod_84nt	103	26	C	87	75	0	0	0.19849
Ecoli_SRP_IDT2_mod_84nt	103	27	A	45	22	0.00784376	0.0078087	0.19849
Ecoli_SRP_IDT2_mod_84nt	103	28	A	15	10	0.000851674	0.000847282	0.19849
Ecoli_SRP_IDT2_mod_84nt	103	29	C	89	28	0.0254108	0.0253413	0.19849
Ecoli_SRP_IDT2_mod_84nt	103	30	G	15	7	0.00277015	0.00275638	0.19849
Ecoli_SRP_IDT2_mod_84nt	103	31	C	186	87	0.033584	0.0335192	0.19849
Ecoli_SRP_IDT2_mod_84nt	103	32	T	160	56	0.0401421	0.0400908	0.19849
Ecoli_SRP_IDT2_mod_84nt	103	33	A	31	9	0.00888449	0.00884569	0.19849
Ecoli_SRP_IDT2_mod_84nt	103	34	C	25	10	0.00538548	0.00536011	0.19849
Ecoli_SRP_IDT2_mod_84nt	103	35	T	39	16	0.00810507	0.00806905	0.19849
Ecoli_SRP_IDT2_mod_84nt	103	36	C	61	28	0.0106896	0.0106448	0.19849
Ecoli_SRP_IDT2_mod_84nt	103	37	T	120	29	0.037159	0.0371005	0.19849
Ecoli_SRP_IDT2_mod_84nt	103	38	G	84	40	0.0133104	0.0132581	0.19849
Ecoli_SRP_IDT2_mod_84nt	103	39	T	12	8	0.000447925	0.000445597	0.19849
Ecoli_SRP_IDT2_mod_84nt	103	40	T	67	20	0.0179529	0.0178906	0.19849
Ecoli_SRP_IDT2_mod_84nt	103	41	T	406	117	0.107245	0.107829	0.19849
Ecoli_SRP_IDT2_mod_84nt	103	42	A	172	76	0.0279676	0.0278982	0.19849
Ecoli_SRP_IDT2_mod_84nt	103	43	C	111	87	0	0	0.19849
Ecoli_SRP_IDT2_mod_84nt	103	44	C	264	125	0.0363179	0.0362577	0.19849
Ecoli_SRP_IDT2_mod_84nt	103	45	A	35	8	0.00985158	0.00980949	0.19849
Ecoli_SRP_IDT2_mod_84nt	103	46	G	14	24	0	0	0.19849
Ecoli_SRP_IDT2_mod_84nt	103	47	G	153	65	0.0247719	0.0247026	0.19849
Ecoli_SRP_IDT2_mod_84nt	103	48	T	43	32	0	0	0.19849
Ecoli_SRP_IDT2_mod_84nt	103	49	C	91	64	0	0	0.19849
Ecoli_SRP_IDT2_mod_84nt	103	50	A	32	7	0.00892915	0.00889019	0.19849
Ecoli_SRP_IDT2_mod_84nt	103	51	G	17	2	0.00573803	0.00571119	0.19849
Ecoli_SRP_IDT2_mod_84nt	103	52	G	45	21	0.00597229	0.00594449	0.19849
Ecoli_SRP_IDT2_mod_84nt	103	53	T	20	11	0.00167223	0.00166374	0.19849
Ecoli_SRP_IDT2_mod_84nt	103	54	C	18	9	0.00202496	0.00201475	0.19849
Ecoli_SRP_IDT2_mod_84nt	103	55	C	67	23	0.013573	0.01352	0.19849
Ecoli_SRP_IDT2_mod_84nt	103	56	G	33	9	0.00799927	0.00796363	0.19849
Ecoli_SRP_IDT2_mod_84nt	103	57	G	162	32	0.0457127	0.0456795	0.19849
Ecoli_SRP_IDT2_mod_84nt	103	58	A	89	19	0.0240341	0.023965	0.19849
Ecoli_SRP_IDT2_mod_84nt	103	59	A	22	3	0.00689528	0.00686382	0.19849
Ecoli_SRP_IDT2_mod_84nt	103	60	G	19	9	0.00225313	0.00224182	0.19849
Ecoli_SRP_IDT2_mod_84nt	103	61	G	78	27	0.0148819	0.0148257	0.19849
Ecoli_SRP_IDT2_mod_84nt	103	62	A	40	15	0.00692433	0.00689275	0.19849
Ecoli_SRP_IDT2_mod_84nt	103	63	A	74	56	0	0	0.19849
Ecoli_SRP_IDT2_mod_84nt	103	64	G	32	26	0	0	0.19849
Ecoli_SRP_IDT2_mod_84nt	103	65	C	10	7	0	0	0.19849
Ecoli_SRP_IDT2_mod_84nt	103	66	A	11	7	0.000254599	0.000253271	0.19849
Ecoli_SRP_IDT2_mod_84nt	103	67	G	10	8	0	0	0.19849
Ecoli_SRP_IDT2_mod_84nt	103	68	C	6	0	0.00230191	0.00229036	0.19849
Ecoli_SRP_IDT2_mod_84nt	103	69	C	3	2	1.74269e-05	1.73356e-05	0.19849
Ecoli_SRP_IDT2_mod_84nt	103	70	A	2	1	0.000200463	0.000199416	0.19849
Ecoli_SRP_IDT2_mod_84nt	103	71	A	1	2	0	0	0.19849
Ecoli_SRP_IDT2_mod_84nt	103	72	G	1	0	0.000383448	0.000381452	0.19849
Ecoli_SRP_IDT2_mod_84nt	103	73	G	0	3	0	0	0.19849
Ecoli_SRP_IDT2_mod_84nt	103	74	C	1	0	0.000383419	0.000381423	0.19849
Ecoli_SRP_IDT2_mod_84nt	103	75	A	0	1	0	0	0.19849
Ecoli_SRP_IDT2_mod_84nt	103	76	G	1	5	0	0	0.19849
Ecoli_SRP_IDT2_mod_84nt	103	77	A	2	1	0.000200874	0.000199825	0.19849
Ecoli_SRP_IDT2_mod_84nt	103	78	T	2	3	0	0	0.19849
Ecoli_SRP_IDT2_mod_84nt	103	79	G	23	21	0	0	0.19849
Ecoli_SRP_IDT2_mod_84nt	103	80	A	2	2	0	0	0.19849
Ecoli_SRP_IDT2_mod_84nt	103	81	C	0	2	0	0	0.19849
Ecoli_SRP_IDT2_mod_84nt	103	82	G	2	10	0	0	0.19849
Ecoli_SRP_IDT2_mod_84nt	103	83	C	48	167	0	0	0.19849
Ecoli_SRP_IDT2_mod_84nt	103	84	G	1225	2466	0	0	0.19849
Ecoli_SRP_IDT2_mod_84nt	103	85	C	5	17	0	0	0.19849
Ecoli_SRP_IDT2_mod_84nt	103	86	T	12	66	0	0	0.19849
Ecoli_SRP_IDT2_mod_84nt	103	87	G	30	73	0	0	0.19849
Ecoli_SRP_IDT2_mod_84nt	103	88	A	0	0	0	0	0.19849
Ecoli_SRP_IDT2_mod_84nt	103	89	C	0	1	0	0	0.19849
Ecoli_SRP_IDT2_mod_84nt	103	90	T	0	0	0	0	0.19849
Ecoli_SRP_IDT2_mod_84nt	103	91	C	0	0	0	0	0.19849
Ecoli_SRP_IDT2_mod_84nt	103	92	G	0	0	0	0	0.19849
Ecoli_SRP_IDT2_mod_84nt	103	93	G	0	0	0	0	0.19849
Ecoli_SRP_IDT2_mod_84nt	103	94	G	0	0	0	0	0.19849
Ecoli_SRP_IDT2_mod_84nt	103	95	C	0	0	0	0	0.19849
Ecoli_SRP_IDT2_mod_84nt	103	96	A	0	0	0	0	0.19849
Ecoli_SRP_IDT2_mod_84nt	103	97	C	0	0	0	0	0.19849
Ecoli_SRP_IDT2_mod_84nt	103	98	C	0	0	0	0	0.19849
Ecoli_SRP_IDT2_mod_84nt	103	99	A	0	0	0	0	0.19849
Ecoli_SRP_IDT2_mod_84nt	103	100	A	0	0	0	0	0.19849
Ecoli_SRP_IDT2_mod_84nt	103	101	G	0	0	0	0	0.19849
Ecoli_SRP_IDT2_mod_84nt	103	102	G	0	0	0	0	0.19849
