sequence	rt_start	five_prime_offset	nucleotide	treated_mods	untreated_mods	beta	theta	c
Ecoli_SRP_IDT2_mod_108nt	127	0	*	10187	7053	-	-	0.122692
Ecoli_SRP_IDT2_mod_108nt	127	1	A	512	156	0.219341	0.221372	0.122692
Ecoli_SRP_IDT2_mod_108nt	127	2	T	129	33	0.0604972	0.0604596	0.122692
Ecoli_SRP_IDT2_mod_108nt	127	3	C	17	5	0.00718886	0.00716095	0.122692
Ecoli_SRP_IDT2_mod_108nt	127	4	G	8	2	0.00377654	0.00376109	0.122692
Ecoli_SRP_IDT2_mod_108nt	127	5	G	1	0	0.000754176	0.000750953	0.122692
Ecoli_SRP_IDT2_mod_108nt	127	6	G	16	9	0.0019009	0.00189291	0.122692
Ecoli_SRP_IDT2_mod_108nt	127	7	G	12	4	0.00452046	0.00450218	0.122692
Ecoli_SRP_IDT2_mod_108nt	127	8	G	56	25	0.0138735	0.0138252	0.122692
Ecoli_SRP_IDT2_mod_108nt	127	9	C	16	21	0	0	0.122692
Ecoli_SRP_IDT2_mod_108nt	127	10	T	36	21	0.00336892	0.00335506	0.122692
Ecoli_SRP_IDT2_mod_108nt	127	11	C	62	18	0.0259296	0.0258586	0.122692
Ecoli_SRP_IDT2_mod_108nt	127	12	T	29	15	0.00475421	0.00473505	0.122692
Ecoli_SRP_IDT2_mod_108nt	127	13	G	16	2	0.00958198	0.00954618	0.122692
Ecoli_SRP_IDT2_mod_108nt	127	14	T	75	16	0.037287	0.0372107	0.122692
Ecoli_SRP_IDT2_mod_108nt	127	15	T	60	18	0.0238689	0.0238005	0.122692
Ecoli_SRP_IDT2_mod_108nt	127	16	G	30	10	0.0107702	0.0107307	0.122692
Ecoli_SRP_IDT2_mod_108nt	127	17	G	1370	1016	0	0	0.122692
Ecoli_SRP_IDT2_mod_108nt	127	18	T	244	104	0.0559768	0.0559264	0.122692
Ecoli_SRP_IDT2_mod_108nt	127	19	T	34	5	0.0167716	0.0167163	0.122692
Ecoli_SRP_IDT2_mod_108nt	127	20	C	14	8	0.00120115	0.00119605	0.122692
Ecoli_SRP_IDT2_mod_108nt	127	21	T	15	10	0	0	0.122692
Ecoli_SRP_IDT2_mod_108nt	127	22	C	18	5	0.00659201	0.00656618	0.122692
Ecoli_SRP_IDT2_mod_108nt	127	23	C	40	23	0.00325579	0.00324237	0.122692
Ecoli_SRP_IDT2_mod_108nt	127	24	C	47	27	0.00382531	0.00380968	0.122692
Ecoli_SRP_IDT2_mod_108nt	127	25	G	33	27	0	0	0.122692
Ecoli_SRP_IDT2_mod_108nt	127	26	C	60	71	0	0	0.122692
Ecoli_SRP_IDT2_mod_108nt	127	27	A	48	15	0.0157449	0.0156919	0.122692
Ecoli_SRP_IDT2_mod_108nt	127	28	A	18	9	0.00272183	0.00271052	0.122692
Ecoli_SRP_IDT2_mod_108nt	127	29	C	51	26	0.00720712	0.00717915	0.122692
Ecoli_SRP_IDT2_mod_108nt	127	30	G	9	4	0.00181689	0.00180924	0.122692
Ecoli_SRP_IDT2_mod_108nt	127	31	C	144	55	0.0370665	0.0369902	0.122692
Ecoli_SRP_IDT2_mod_108nt	127	32	T	129	37	0.0439727	0.0439008	0.122692
Ecoli_SRP_IDT2_mod_108nt	127	33	A	30	11	0.00795025	0.00791976	0.122692
Ecoli_SRP_IDT2_mod_108nt	127	34	C	14	8	0.00105618	0.00105169	0.122692
Ecoli_SRP_IDT2_mod_108nt	127	35	T	42	16	0.0105169	0.0104782	0.122692
Ecoli_SRP_IDT2_mod_108nt	127	36	C	40	20	0.00559448	0.00557222	0.122692
Ecoli_SRP_IDT2_mod_108nt	127	37	T	87	32	0.0225682	0.0225017	0.122692
Ecoli_SRP_IDT2_mod_108nt	127	38	G	76	30	0.0176725	0.0176151	0.122692
Ecoli_SRP_IDT2_mod_108nt	127	39	T	11	3	0.00377148	0.00375606	0.122692
Ecoli_SRP_IDT2_mod_108nt	127	40	T	75	15	0.0305183	0.0304433	0.122692
Ecoli_SRP_IDT2_mod_108nt	127	41	T	192	59	0.0584224	0.0583786	0.122692
Ecoli_SRP_IDT2_mod_108nt	127	42	A	77	24	0.0228458	0.0227789	0.122692
Ecoli_SRP_IDT2_mod_108nt	127	43	C	31	18	0.0016432	0.00163626	0.122692
Ecoli_SRP_IDT2_mod_108nt	127	44	C	117	50	0.0221655	0.0220997	0.122692
Ecoli_SRP_IDT2_mod_108nt	127	45	A	25	2	0.0124692	0.0124248	0.122692
Ecoli_SRP_IDT2_mod_108nt	127	46	G	10	6	0.000328184	0.000326773	0.122692
Ecoli_SRP_IDT2_mod_108nt	127	47	G	42	16	0.0095854	0.00954958	0.122692
Ecoli_SRP_IDT2_mod_108nt	127	48	T	11	9	0	0	0.122692
Ecoli_SRP_IDT2_mod_108nt	127	49	C	27	16	0.00104508	0.00104063	0.122692
Ecoli_SRP_IDT2_mod_108nt	127	50	A	21	4	0.00832515	0.00829341	0.122692
Ecoli_SRP_IDT2_mod_108nt	127	51	G	7	4	0.000398106	0.000396396	0.122692
Ecoli_SRP_IDT2_mod_108nt	127	52	G	24	16	0	0	0.122692
Ecoli_SRP_IDT2_mod_108nt	127	53	T	8	6	0	0	0.122692
Ecoli_SRP_IDT2_mod_108nt	127	54	C	9	4	0.0015256	0.00151915	0.122692
Ecoli_SRP_IDT2_mod_108nt	127	55	C	33	8	0.0114849	0.0114433	0.122692
Ecoli_SRP_IDT2_mod_108nt	127	56	G	13	4	0.00376431	0.00374891	0.122692
Ecoli_SRP_IDT2_mod_108nt	127	57	G	59	15	0.0197933	0.0197317	0.122692
Ecoli_SRP_IDT2_mod_108nt	127	58	A	42	18	0.00756308	0.00753389	0.122692
Ecoli_SRP_IDT2_mod_108nt	127	59	A	10	1	0.00469734	0.0046784	0.122692
Ecoli_SRP_IDT2_mod_108nt	127	60	G	8	4	0.000929693	0.00092573	0.122692
Ecoli_SRP_IDT2_mod_108nt	127	61	G	37	17	0.00560855	0.00558623	0.122692
Ecoli_SRP_IDT2_mod_108nt	127	62	A	20	7	0.00494919	0.0049293	0.122692
Ecoli_SRP_IDT2_mod_108nt	127	63	A	13	8	0.000175431	0.000174675	0.122692
Ecoli_SRP_IDT2_mod_108nt	127	64	G	28	16	0.00145796	0.00145179	0.122692
Ecoli_SRP_IDT2_mod_108nt	127	65	C	29	21	0	0	0.122692
Ecoli_SRP_IDT2_mod_108nt	127	66	A	25	15	0.000673319	0.000670438	0.122692
Ecoli_SRP_IDT2_mod_108nt	127	67	G	30	26	0	0	0.122692
Ecoli_SRP_IDT2_mod_108nt	127	68	C	9	6	0	0	0.122692
Ecoli_SRP_IDT2_mod_108nt	127	69	C	26	21	0	0	0.122692
Ecoli_SRP_IDT2_mod_108nt	127	70	A	5	7	0	0	0.122692
Ecoli_SRP_IDT2_mod_108nt	127	71	A	10	5	0.00114529	0.00114043	0.122692
Ecoli_SRP_IDT2_mod_108nt	127	72	G	19	4	0.00694648	0.00691941	0.122692
Ecoli_SRP_IDT2_mod_108nt	127	73	G	28	10	0.00665344	0.00662739	0.122692
Ecoli_SRP_IDT2_mod_108nt	127	74	C	21	30	0	0	0.122692
Ecoli_SRP_IDT2_mod_108nt	127	75	A	0	2	0	0	0.122692
Ecoli_SRP_IDT2_mod_108nt	127	76	G	47	42	0	0	0.122692
Ecoli_SRP_IDT2_mod_108nt	127	77	A	5	2	0.00100167	0.000997407	0.122692
Ecoli_SRP_IDT2_mod_108nt	127	78	T	0	1	0	0	0.122692
Ecoli_SRP_IDT2_mod_108nt	127	79	G	20	13	0	0	0.122692
Ecoli_SRP_IDT2_mod_108nt	127	80	A	3	6	0	0	0.122692
Ecoli_SRP_IDT2_mod_108nt	127	81	C	16	13	0	0	0.122692
Ecoli_SRP_IDT2_mod_108nt	127	82	G	18	12	0	0	0.122692
Ecoli_SRP_IDT2_mod_108nt	127	83	C	36	16	0.00580996	0.00578692	0.122692
Ecoli_SRP_IDT2_mod_108nt	127	84	G	28	14	0.00317472	0.00316162	0.122692
Ecoli_SRP_IDT2_mod_108nt	127	85	T	33	7	0.0118253	0.0117828	0.122692
Ecoli_SRP_IDT2_mod_108nt	127	86	G	94	40	0.0164346	0.0163801	0.122692
Ecoli_SRP_IDT2_mod_108nt	127	87	T	62	40	0	0	0.122692
Ecoli_SRP_IDT2_mod_108nt	127	88	G	40	16	0.00778187	0.00775194	0.122692
Ecoli_SRP_IDT2_mod_108nt	127	89	C	15	13	0	0	0.122692
Ecoli_SRP_IDT2_mod_108nt	127	90	C	19	7	0.00419026	0.00417322	0.122692
Ecoli_SRP_IDT2_mod_108nt	127	91	G	1	0	0.000531064	0.000528788	0.122692
Ecoli_SRP_IDT2_mod_108nt	127	92	G	4	0	0.00212371	0.00211481	0.122692
Ecoli_SRP_IDT2_mod_108nt	127	93	G	19	10	0.00165179	0.00164482	0.122692
Ecoli_SRP_IDT2_mod_108nt	127	94	A	1	2	0	0	0.122692
Ecoli_SRP_IDT2_mod_108nt	127	95	T	1	0	0.000530205	0.000527931	0.122692
Ecoli_SRP_IDT2_mod_108nt	127	96	G	6	1	0.00233798	0.00232822	0.122692
Ecoli_SRP_IDT2_mod_108nt	127	97	T	4	1	0.00127741	0.00127199	0.122692
Ecoli_SRP_IDT2_mod_108nt	127	98	A	2	0	0.00105959	0.00105508	0.122692
Ecoli_SRP_IDT2_mod_108nt	127	99	G	0	1	0	0	0.122692
Ecoli_SRP_IDT2_mod_108nt	127	100	C	0	2	0	0	0.122692
Ecoli_SRP_IDT2_mod_108nt	127	101	T	1	0	0.000529758	0.000527487	0.122692
Ecoli_SRP_IDT2_mod_108nt	127	102	G	6	3	0.000652587	0.000649794	0.122692
Ecoli_SRP_IDT2_mod_108nt	127	103	G	4	14	0	0	0.122692
Ecoli_SRP_IDT2_mod_108nt	127	104	C	46	82	0	0	0.122692
Ecoli_SRP_IDT2_mod_108nt	127	105	A	4	1	0.00127763	0.00127222	0.122692
Ecoli_SRP_IDT2_mod_108nt	127	106	G	1	2	0	0	0.122692
Ecoli_SRP_IDT2_mod_108nt	127	107	G	51	137	0	0	0.122692
Ecoli_SRP_IDT2_mod_108nt	127	108	G	1133	2385	0	0	0.122692
Ecoli_SRP_IDT2_mod_108nt	127	109	C	4	8	0	0	0.122692
Ecoli_SRP_IDT2_mod_108nt	127	110	T	24	64	0	0	0.122692
Ecoli_SRP_IDT2_mod_108nt	127	111	G	41	79	0	0	0.122692
Ecoli_SRP_IDT2_mod_108nt	127	112	A	1	2	0	0	0.122692
Ecoli_SRP_IDT2_mod_108nt	127	113	C	0	0	0	0	0.122692
Ecoli_SRP_IDT2_mod_108nt	127	114	T	0	1	0	0	0.122692
Ecoli_SRP_IDT2_mod_108nt	127	115	C	0	0	0	0	0.122692
Ecoli_SRP_IDT2_mod_108nt	127	116	G	0	0	0	0	0.122692
Ecoli_SRP_IDT2_mod_108nt	127	117	G	0	0	0	0	0.122692
Ecoli_SRP_IDT2_mod_108nt	127	118	G	0	0	0	0	0.122692
Ecoli_SRP_IDT2_mod_108nt	127	119	C	0	0	0	0	0.122692
Ecoli_SRP_IDT2_mod_108nt	127	120	A	0	0	0	0	0.122692
Ecoli_SRP_IDT2_mod_108nt	127	121	C	0	0	0	0	0.122692
Ecoli_SRP_IDT2_mod_108nt	127	122	C	0	0	0	0	0.122692
Ecoli_SRP_IDT2_mod_108nt	127	123	A	0	0	0	0	0.122692
Ecoli_SRP_IDT2_mod_108nt	127	124	A	0	0	0	0	0.122692
Ecoli_SRP_IDT2_mod_108nt	127	125	G	0	0	0	0	0.122692
Ecoli_SRP_IDT2_mod_108nt	127	126	G	0	0	0	0	0.122692
