sequence	rt_start	five_prime_offset	nucleotide	treated_mods	untreated_mods	beta	theta	c
Ecoli_SRP_IDT2_mod_99nt	118	0	*	9642	11485	-	-	0.227424
Ecoli_SRP_IDT2_mod_99nt	118	1	A	660	170	0.222733	0.22652	0.227424
Ecoli_SRP_IDT2_mod_99nt	118	2	T	157	43	0.0504669	0.0503122	0.227424
Ecoli_SRP_IDT2_mod_99nt	118	3	C	5	7	0	0	0.227424
Ecoli_SRP_IDT2_mod_99nt	118	4	G	11	1	0.00427963	0.00424424	0.227424
Ecoli_SRP_IDT2_mod_99nt	118	5	G	5	4	0.000601315	0.000596096	0.227424
Ecoli_SRP_IDT2_mod_99nt	118	6	G	17	11	0.00302378	0.00299835	0.227424
Ecoli_SRP_IDT2_mod_99nt	118	7	G	13	11	0.00132895	0.00131753	0.227424
Ecoli_SRP_IDT2_mod_99nt	118	8	G	46	49	0.000884074	0.000876428	0.227424
Ecoli_SRP_IDT2_mod_99nt	118	9	C	23	24	0.000627096	0.000621655	0.227424
Ecoli_SRP_IDT2_mod_99nt	118	10	T	41	46	0	0	0.227424
Ecoli_SRP_IDT2_mod_99nt	118	11	C	166	57	0.0472626	0.0471006	0.227424
Ecoli_SRP_IDT2_mod_99nt	118	12	T	59	22	0.0159818	0.0158706	0.227424
Ecoli_SRP_IDT2_mod_99nt	118	13	G	24	15	0.00422986	0.00419486	0.227424
Ecoli_SRP_IDT2_mod_99nt	118	14	T	202	38	0.0670823	0.0670035	0.227424
Ecoli_SRP_IDT2_mod_99nt	118	15	T	174	28	0.0584341	0.0583079	0.227424
Ecoli_SRP_IDT2_mod_99nt	118	16	G	40	31	0.00431482	0.00427916	0.227424
Ecoli_SRP_IDT2_mod_99nt	118	17	G	1577	1693	0	0	0.227424
Ecoli_SRP_IDT2_mod_99nt	118	18	T	297	199	0.0372994	0.0371295	0.227424
Ecoli_SRP_IDT2_mod_99nt	118	19	T	55	16	0.0133909	0.0132938	0.227424
Ecoli_SRP_IDT2_mod_99nt	118	20	C	13	16	0	0	0.227424
Ecoli_SRP_IDT2_mod_99nt	118	21	T	39	14	0.00860719	0.0085402	0.227424
Ecoli_SRP_IDT2_mod_99nt	118	22	C	25	19	0.00232637	0.00230663	0.227424
Ecoli_SRP_IDT2_mod_99nt	118	23	C	59	29	0.0104556	0.0103764	0.227424
Ecoli_SRP_IDT2_mod_99nt	118	24	C	87	64	0.00861401	0.00854697	0.227424
Ecoli_SRP_IDT2_mod_99nt	118	25	G	81	65	0.00624174	0.0061915	0.227424
Ecoli_SRP_IDT2_mod_99nt	118	26	C	144	118	0.0101712	0.0100938	0.227424
Ecoli_SRP_IDT2_mod_99nt	118	27	A	177	32	0.046918	0.0467553	0.227424
Ecoli_SRP_IDT2_mod_99nt	118	28	A	21	19	0.000839013	0.000831753	0.227424
Ecoli_SRP_IDT2_mod_99nt	118	29	C	78	46	0.0106605	0.0105799	0.227424
Ecoli_SRP_IDT2_mod_99nt	118	30	G	16	12	0.00138677	0.00137485	0.227424
Ecoli_SRP_IDT2_mod_99nt	118	31	C	239	143	0.0313399	0.031176	0.227424
Ecoli_SRP_IDT2_mod_99nt	118	32	T	239	114	0.0392261	0.039056	0.227424
Ecoli_SRP_IDT2_mod_99nt	118	33	A	26	16	0.00313819	0.00311184	0.227424
Ecoli_SRP_IDT2_mod_99nt	118	34	C	15	11	0.00127175	0.0012608	0.227424
Ecoli_SRP_IDT2_mod_99nt	118	35	T	51	27	0.00743964	0.00738076	0.227424
Ecoli_SRP_IDT2_mod_99nt	118	36	C	66	40	0.00804644	0.0079833	0.227424
Ecoli_SRP_IDT2_mod_99nt	118	37	T	89	36	0.0161232	0.0160113	0.227424
Ecoli_SRP_IDT2_mod_99nt	118	38	G	51	38	0.00398617	0.00395308	0.227424
Ecoli_SRP_IDT2_mod_99nt	118	39	T	12	13	0	0	0.227424
Ecoli_SRP_IDT2_mod_99nt	118	40	T	72	14	0.01739	0.0172718	0.227424
Ecoli_SRP_IDT2_mod_99nt	118	41	T	345	119	0.0661845	0.0661	0.227424
Ecoli_SRP_IDT2_mod_99nt	118	42	A	109	38	0.0204773	0.0203452	0.227424
Ecoli_SRP_IDT2_mod_99nt	118	43	C	55	34	0.00589879	0.00585108	0.227424
Ecoli_SRP_IDT2_mod_99nt	118	44	C	169	93	0.0212368	0.0211016	0.227424
Ecoli_SRP_IDT2_mod_99nt	118	45	A	22	13	0.0024819	0.00246088	0.227424
Ecoli_SRP_IDT2_mod_99nt	118	46	G	28	19	0.00243218	0.00241157	0.227424
Ecoli_SRP_IDT2_mod_99nt	118	47	G	84	50	0.00928651	0.00921494	0.227424
Ecoli_SRP_IDT2_mod_99nt	118	48	T	18	19	0	0	0.227424
Ecoli_SRP_IDT2_mod_99nt	118	49	C	76	50	0.0069446	0.00688925	0.227424
Ecoli_SRP_IDT2_mod_99nt	118	50	A	13	3	0.0027946	0.00277103	0.227424
Ecoli_SRP_IDT2_mod_99nt	118	51	G	6	5	0.000239492	0.000237404	0.227424
Ecoli_SRP_IDT2_mod_99nt	118	52	G	41	22	0.00515485	0.00511274	0.227424
Ecoli_SRP_IDT2_mod_99nt	118	53	T	7	7	0	0	0.227424
Ecoli_SRP_IDT2_mod_99nt	118	54	C	20	5	0.00416551	0.00413101	0.227424
Ecoli_SRP_IDT2_mod_99nt	118	55	C	43	25	0.00481188	0.00477238	0.227424
Ecoli_SRP_IDT2_mod_99nt	118	56	G	26	7	0.00524346	0.00520067	0.227424
Ecoli_SRP_IDT2_mod_99nt	118	57	G	112	38	0.0201665	0.0200357	0.227424
Ecoli_SRP_IDT2_mod_99nt	118	58	A	60	24	0.00968997	0.00961572	0.227424
Ecoli_SRP_IDT2_mod_99nt	118	59	A	13	7	0.0015767	0.00156319	0.227424
Ecoli_SRP_IDT2_mod_99nt	118	60	G	14	20	0	0	0.227424
Ecoli_SRP_IDT2_mod_99nt	118	61	G	53	56	0	0	0.227424
Ecoli_SRP_IDT2_mod_99nt	118	62	A	26	23	0.000563664	0.00055877	0.227424
Ecoli_SRP_IDT2_mod_99nt	118	63	A	16	12	0.000961287	0.000952983	0.227424
Ecoli_SRP_IDT2_mod_99nt	118	64	G	38	22	0.0041288	0.00409459	0.227424
Ecoli_SRP_IDT2_mod_99nt	118	65	C	54	29	0.00648307	0.00643106	0.227424
Ecoli_SRP_IDT2_mod_99nt	118	66	A	33	24	0.00216227	0.00214388	0.227424
Ecoli_SRP_IDT2_mod_99nt	118	67	G	39	33	0.00123017	0.00121958	0.227424
Ecoli_SRP_IDT2_mod_99nt	118	68	C	12	14	0	0	0.227424
Ecoli_SRP_IDT2_mod_99nt	118	69	C	21	35	0	0	0.227424
Ecoli_SRP_IDT2_mod_99nt	118	70	A	9	2	0.00187247	0.00185649	0.227424
Ecoli_SRP_IDT2_mod_99nt	118	71	A	8	4	0.0010352	0.00102626	0.227424
Ecoli_SRP_IDT2_mod_99nt	118	72	G	21	12	0.00228963	0.00227019	0.227424
Ecoli_SRP_IDT2_mod_99nt	118	73	G	42	27	0.00371861	0.00368763	0.227424
Ecoli_SRP_IDT2_mod_99nt	118	74	C	30	19	0.0027272	0.00270418	0.227424
Ecoli_SRP_IDT2_mod_99nt	118	75	A	4	1	0.000794958	0.000788075	0.227424
Ecoli_SRP_IDT2_mod_99nt	118	76	G	27	23	0.000786764	0.000779952	0.227424
Ecoli_SRP_IDT2_mod_99nt	118	77	A	1	1	0	0	0.227424
Ecoli_SRP_IDT2_mod_99nt	118	78	T	4	1	0.000793318	0.000786449	0.227424
Ecoli_SRP_IDT2_mod_99nt	118	79	G	33	5	0.00744364	0.00738474	0.227424
Ecoli_SRP_IDT2_mod_99nt	118	80	A	4	2	0.000509929	0.000505498	0.227424
Ecoli_SRP_IDT2_mod_99nt	118	81	C	20	13	0.00170389	0.00168931	0.227424
Ecoli_SRP_IDT2_mod_99nt	118	82	G	9	1	0.0021273	0.0021092	0.227424
Ecoli_SRP_IDT2_mod_99nt	118	83	C	16	10	0.00147078	0.00145816	0.227424
Ecoli_SRP_IDT2_mod_99nt	118	84	G	9	13	0	0	0.227424
Ecoli_SRP_IDT2_mod_99nt	118	85	T	5	2	0.000774617	0.000767909	0.227424
Ecoli_SRP_IDT2_mod_99nt	118	86	G	5	3	0.000493938	0.000489645	0.227424
Ecoli_SRP_IDT2_mod_99nt	118	87	T	4	7	0	0	0.227424
Ecoli_SRP_IDT2_mod_99nt	118	88	G	6	4	0.000480399	0.000476223	0.227424
Ecoli_SRP_IDT2_mod_99nt	118	89	C	2	0	0.000533607	0.000528972	0.227424
Ecoli_SRP_IDT2_mod_99nt	118	90	C	1	2	0	0	0.227424
Ecoli_SRP_IDT2_mod_99nt	118	91	G	0	0	0	0	0.227424
Ecoli_SRP_IDT2_mod_99nt	118	92	G	1	1	0	0	0.227424
Ecoli_SRP_IDT2_mod_99nt	118	93	G	13	25	0	0	0.227424
Ecoli_SRP_IDT2_mod_99nt	118	94	A	13	30	0	0	0.227424
Ecoli_SRP_IDT2_mod_99nt	118	95	T	23	46	0	0	0.227424
Ecoli_SRP_IDT2_mod_99nt	118	96	G	37	63	0	0	0.227424
Ecoli_SRP_IDT2_mod_99nt	118	97	T	9	16	0	0	0.227424
Ecoli_SRP_IDT2_mod_99nt	118	98	A	46	161	0	0	0.227424
Ecoli_SRP_IDT2_mod_99nt	118	99	G	1181	2213	0	0	0.227424
Ecoli_SRP_IDT2_mod_99nt	118	100	C	6	8	0	0	0.227424
Ecoli_SRP_IDT2_mod_99nt	118	101	T	18	78	0	0	0.227424
Ecoli_SRP_IDT2_mod_99nt	118	102	G	42	82	0	0	0.227424
Ecoli_SRP_IDT2_mod_99nt	118	103	A	1	1	7.17772e-06	7.11495e-06	0.227424
Ecoli_SRP_IDT2_mod_99nt	118	104	C	0	0	0	0	0.227424
Ecoli_SRP_IDT2_mod_99nt	118	105	T	0	0	0	0	0.227424
Ecoli_SRP_IDT2_mod_99nt	118	106	C	0	0	0	0	0.227424
Ecoli_SRP_IDT2_mod_99nt	118	107	G	0	0	0	0	0.227424
Ecoli_SRP_IDT2_mod_99nt	118	108	G	0	0	0	0	0.227424
Ecoli_SRP_IDT2_mod_99nt	118	109	G	0	0	0	0	0.227424
Ecoli_SRP_IDT2_mod_99nt	118	110	C	0	0	0	0	0.227424
Ecoli_SRP_IDT2_mod_99nt	118	111	A	0	0	0	0	0.227424
Ecoli_SRP_IDT2_mod_99nt	118	112	C	0	0	0	0	0.227424
Ecoli_SRP_IDT2_mod_99nt	118	113	C	0	0	0	0	0.227424
Ecoli_SRP_IDT2_mod_99nt	118	114	A	0	0	0	0	0.227424
Ecoli_SRP_IDT2_mod_99nt	118	115	A	0	0	0	0	0.227424
Ecoli_SRP_IDT2_mod_99nt	118	116	G	0	0	0	0	0.227424
Ecoli_SRP_IDT2_mod_99nt	118	117	G	0	0	0	0	0.227424
