sequence	rt_start	five_prime_offset	nucleotide	treated_mods	untreated_mods	beta	theta	c
Ecoli_SRP_IDT2_mod_76nt	95	0	*	16566	16872	-	-	0.166361
Ecoli_SRP_IDT2_mod_76nt	95	1	A	719	297	0.149389	0.150496	0.166361
Ecoli_SRP_IDT2_mod_76nt	95	2	T	144	60	0.0289782	0.0289	0.166361
Ecoli_SRP_IDT2_mod_76nt	95	3	C	13	7	0.00205021	0.00204012	0.166361
Ecoli_SRP_IDT2_mod_76nt	95	4	G	7	9	0	0	0.166361
Ecoli_SRP_IDT2_mod_76nt	95	5	G	7	4	0.00102197	0.00101685	0.166361
Ecoli_SRP_IDT2_mod_76nt	95	6	G	57	30	0.0091905	0.00915067	0.166361
Ecoli_SRP_IDT2_mod_76nt	95	7	G	33	13	0.00682618	0.00679527	0.166361
Ecoli_SRP_IDT2_mod_76nt	95	8	G	93	75	0.0057881	0.00576139	0.166361
Ecoli_SRP_IDT2_mod_76nt	95	9	C	35	33	0.000507012	0.000504452	0.166361
Ecoli_SRP_IDT2_mod_76nt	95	10	T	67	48	0.00621314	0.00618469	0.166361
Ecoli_SRP_IDT2_mod_76nt	95	11	C	166	56	0.0367965	0.0367211	0.166361
Ecoli_SRP_IDT2_mod_76nt	95	12	T	55	23	0.0105856	0.0105409	0.166361
Ecoli_SRP_IDT2_mod_76nt	95	13	G	24	16	0.00255394	0.00254147	0.166361
Ecoli_SRP_IDT2_mod_76nt	95	14	T	115	26	0.0294875	0.0294092	0.166361
Ecoli_SRP_IDT2_mod_76nt	95	15	T	114	30	0.0275609	0.0274833	0.166361
Ecoli_SRP_IDT2_mod_76nt	95	16	G	50	24	0.00832254	0.00828588	0.166361
Ecoli_SRP_IDT2_mod_76nt	95	17	G	2759	2370	0.0869777	0.0871638	0.166361
Ecoli_SRP_IDT2_mod_76nt	95	18	T	498	263	0.0621634	0.0621672	0.166361
Ecoli_SRP_IDT2_mod_76nt	95	19	T	37	12	0.00679593	0.00676514	0.166361
Ecoli_SRP_IDT2_mod_76nt	95	20	C	21	13	0.00200794	0.00199805	0.166361
Ecoli_SRP_IDT2_mod_76nt	95	21	T	21	13	0.00200471	0.00199483	0.166361
Ecoli_SRP_IDT2_mod_76nt	95	22	C	32	13	0.0050726	0.0050489	0.166361
Ecoli_SRP_IDT2_mod_76nt	95	23	C	45	29	0.00393153	0.00391279	0.166361
Ecoli_SRP_IDT2_mod_76nt	95	24	C	120	83	0.00873721	0.00869902	0.166361
Ecoli_SRP_IDT2_mod_76nt	95	25	G	91	110	0	0	0.166361
Ecoli_SRP_IDT2_mod_76nt	95	26	C	202	174	0.00450527	0.004484	0.166361
Ecoli_SRP_IDT2_mod_76nt	95	27	A	114	40	0.0194051	0.0193374	0.166361
Ecoli_SRP_IDT2_mod_76nt	95	28	A	54	32	0.0053593	0.00533438	0.166361
Ecoli_SRP_IDT2_mod_76nt	95	29	C	144	69	0.0188973	0.0188305	0.166361
Ecoli_SRP_IDT2_mod_76nt	95	30	G	20	7	0.00336173	0.00334555	0.166361
Ecoli_SRP_IDT2_mod_76nt	95	31	C	573	213	0.0903646	0.0905836	0.166361
Ecoli_SRP_IDT2_mod_76nt	95	32	T	599	221	0.0916012	0.0918327	0.166361
Ecoli_SRP_IDT2_mod_76nt	95	33	A	44	18	0.00614595	0.00611777	0.166361
Ecoli_SRP_IDT2_mod_76nt	95	34	C	31	13	0.00423065	0.00421059	0.166361
Ecoli_SRP_IDT2_mod_76nt	95	35	T	58	30	0.00628598	0.00625723	0.166361
Ecoli_SRP_IDT2_mod_76nt	95	36	C	101	48	0.01208	0.0120305	0.166361
Ecoli_SRP_IDT2_mod_76nt	95	37	T	177	45	0.0319325	0.0318542	0.166361
Ecoli_SRP_IDT2_mod_76nt	95	38	G	115	43	0.0167448	0.0166827	0.166361
Ecoli_SRP_IDT2_mod_76nt	95	39	T	25	9	0.00372686	0.00370903	0.166361
Ecoli_SRP_IDT2_mod_76nt	95	40	T	82	11	0.0173666	0.017303	0.166361
Ecoli_SRP_IDT2_mod_76nt	95	41	T	319	96	0.0518918	0.0518505	0.166361
Ecoli_SRP_IDT2_mod_76nt	95	42	A	92	34	0.013084	0.0130315	0.166361
Ecoli_SRP_IDT2_mod_76nt	95	43	C	43	37	0.000209718	0.000208653	0.166361
Ecoli_SRP_IDT2_mod_76nt	95	44	C	131	66	0.0135925	0.0135385	0.166361
Ecoli_SRP_IDT2_mod_76nt	95	45	A	22	4	0.00424119	0.00422107	0.166361
Ecoli_SRP_IDT2_mod_76nt	95	46	G	32	11	0.00472163	0.00469942	0.166361
Ecoli_SRP_IDT2_mod_76nt	95	47	G	126	54	0.0155345	0.0154753	0.166361
Ecoli_SRP_IDT2_mod_76nt	95	48	T	28	19	0.0015022	0.00149474	0.166361
Ecoli_SRP_IDT2_mod_76nt	95	49	C	67	70	0	0	0.166361
Ecoli_SRP_IDT2_mod_76nt	95	50	A	27	14	0.00263584	0.002623	0.166361
Ecoli_SRP_IDT2_mod_76nt	95	51	G	17	2	0.00353563	0.00351866	0.166361
Ecoli_SRP_IDT2_mod_76nt	95	52	G	65	31	0.0070591	0.00702727	0.166361
Ecoli_SRP_IDT2_mod_76nt	95	53	T	12	12	0	0	0.166361
Ecoli_SRP_IDT2_mod_76nt	95	54	C	29	11	0.00391837	0.00389968	0.166361
Ecoli_SRP_IDT2_mod_76nt	95	55	C	74	17	0.0130004	0.0129482	0.166361
Ecoli_SRP_IDT2_mod_76nt	95	56	G	19	7	0.00260907	0.00259634	0.166361
Ecoli_SRP_IDT2_mod_76nt	95	57	G	81	24	0.0126841	0.0126328	0.166361
Ecoli_SRP_IDT2_mod_76nt	95	58	A	44	13	0.00688088	0.00684974	0.166361
Ecoli_SRP_IDT2_mod_76nt	95	59	A	4	2	0.000400652	0.000398625	0.166361
Ecoli_SRP_IDT2_mod_76nt	95	60	G	12	5	0.00147545	0.00146812	0.166361
Ecoli_SRP_IDT2_mod_76nt	95	61	G	8	12	0	0	0.166361
Ecoli_SRP_IDT2_mod_76nt	95	62	A	12	6	0.00120032	0.00119432	0.166361
Ecoli_SRP_IDT2_mod_76nt	95	63	A	7	2	0.00111071	0.00110516	0.166361
Ecoli_SRP_IDT2_mod_76nt	95	64	G	1	1	0	0	0.166361
Ecoli_SRP_IDT2_mod_76nt	95	65	C	3	1	0.000436769	0.00043456	0.166361
Ecoli_SRP_IDT2_mod_76nt	95	66	A	4	4	0	0	0.166361
Ecoli_SRP_IDT2_mod_76nt	95	67	G	6	4	0.000325463	0.000323814	0.166361
Ecoli_SRP_IDT2_mod_76nt	95	68	C	0	2	0	0	0.166361
Ecoli_SRP_IDT2_mod_76nt	95	69	C	5	15	0	0	0.166361
Ecoli_SRP_IDT2_mod_76nt	95	70	A	3	3	0	0	0.166361
Ecoli_SRP_IDT2_mod_76nt	95	71	A	0	2	0	0	0.166361
Ecoli_SRP_IDT2_mod_76nt	95	72	G	23	9	0.00297994	0.0029655	0.166361
Ecoli_SRP_IDT2_mod_76nt	95	73	G	5	6	0	0	0.166361
Ecoli_SRP_IDT2_mod_76nt	95	74	C	11	12	0	0	0.166361
Ecoli_SRP_IDT2_mod_76nt	95	75	A	38	128	0	0	0.166361
Ecoli_SRP_IDT2_mod_76nt	95	76	G	1241	2289	0	0	0.166361
Ecoli_SRP_IDT2_mod_76nt	95	77	C	4	13	0	0	0.166361
Ecoli_SRP_IDT2_mod_76nt	95	78	T	18	64	0	0	0.166361
Ecoli_SRP_IDT2_mod_76nt	95	79	G	42	76	0	0	0.166361
Ecoli_SRP_IDT2_mod_76nt	95	80	A	0	0	0	0	0.166361
Ecoli_SRP_IDT2_mod_76nt	95	81	C	0	0	0	0	0.166361
Ecoli_SRP_IDT2_mod_76nt	95	82	T	0	0	0	0	0.166361
Ecoli_SRP_IDT2_mod_76nt	95	83	C	0	0	0	0	0.166361
Ecoli_SRP_IDT2_mod_76nt	95	84	G	0	0	0	0	0.166361
Ecoli_SRP_IDT2_mod_76nt	95	85	G	0	0	0	0	0.166361
Ecoli_SRP_IDT2_mod_76nt	95	86	G	0	0	0	0	0.166361
Ecoli_SRP_IDT2_mod_76nt	95	87	C	0	0	0	0	0.166361
Ecoli_SRP_IDT2_mod_76nt	95	88	A	0	0	0	0	0.166361
Ecoli_SRP_IDT2_mod_76nt	95	89	C	0	0	0	0	0.166361
Ecoli_SRP_IDT2_mod_76nt	95	90	C	0	0	0	0	0.166361
Ecoli_SRP_IDT2_mod_76nt	95	91	A	0	0	0	0	0.166361
Ecoli_SRP_IDT2_mod_76nt	95	92	A	0	0	0	0	0.166361
Ecoli_SRP_IDT2_mod_76nt	95	93	G	0	0	0	0	0.166361
Ecoli_SRP_IDT2_mod_76nt	95	94	G	0	0	0	0	0.166361
