sequence	rt_start	five_prime_offset	nucleotide	treated_mods	untreated_mods	beta	theta	c
Ecoli_SRP_IDT2_mod_106nt	125	0	*	3453	3442	-	-	0.211658
Ecoli_SRP_IDT2_mod_106nt	125	1	A	184	62	0.159131	0.160935	0.211658
Ecoli_SRP_IDT2_mod_106nt	125	2	T	40	19	0.0262056	0.0261285	0.211658
Ecoli_SRP_IDT2_mod_106nt	125	3	C	6	1	0.0063944	0.00636226	0.211658
Ecoli_SRP_IDT2_mod_106nt	125	4	G	7	4	0.00363073	0.00361144	0.211658
Ecoli_SRP_IDT2_mod_106nt	125	5	G	0	2	0	0	0.211658
Ecoli_SRP_IDT2_mod_106nt	125	6	G	11	2	0.0114386	0.0113871	0.211658
Ecoli_SRP_IDT2_mod_106nt	125	7	G	4	2	0.00244227	0.00242898	0.211658
Ecoli_SRP_IDT2_mod_106nt	125	8	G	17	18	0	0	0.211658
Ecoli_SRP_IDT2_mod_106nt	125	9	C	9	5	0.00478948	0.0047646	0.211658
Ecoli_SRP_IDT2_mod_106nt	125	10	T	19	6	0.0161005	0.016036	0.211658
Ecoli_SRP_IDT2_mod_106nt	125	11	C	48	13	0.0429347	0.0428842	0.211658
Ecoli_SRP_IDT2_mod_106nt	125	12	T	18	3	0.018446	0.0183766	0.211658
Ecoli_SRP_IDT2_mod_106nt	125	13	G	7	11	0	0	0.211658
Ecoli_SRP_IDT2_mod_106nt	125	14	T	43	10	0.0397622	0.0397021	0.211658
Ecoli_SRP_IDT2_mod_106nt	125	15	T	41	5	0.0433336	0.0432844	0.211658
Ecoli_SRP_IDT2_mod_106nt	125	16	G	14	7	0.0077723	0.00773436	0.211658
Ecoli_SRP_IDT2_mod_106nt	125	17	G	558	473	0.0472468	0.0472128	0.211658
Ecoli_SRP_IDT2_mod_106nt	125	18	T	122	45	0.0750389	0.075207	0.211658
Ecoli_SRP_IDT2_mod_106nt	125	19	T	25	1	0.0245348	0.0244582	0.211658
Ecoli_SRP_IDT2_mod_106nt	125	20	C	7	2	0.00488227	0.00485696	0.211658
Ecoli_SRP_IDT2_mod_106nt	125	21	T	8	3	0.00474763	0.00472295	0.211658
Ecoli_SRP_IDT2_mod_106nt	125	22	C	6	5	0.000398279	0.000396027	0.211658
Ecoli_SRP_IDT2_mod_106nt	125	23	C	16	8	0.00715598	0.00712058	0.211658
Ecoli_SRP_IDT2_mod_106nt	125	24	C	27	19	0.00572041	0.00569125	0.211658
Ecoli_SRP_IDT2_mod_106nt	125	25	G	17	12	0.0035303	0.0035115	0.211658
Ecoli_SRP_IDT2_mod_106nt	125	26	C	36	35	0	0	0.211658
Ecoli_SRP_IDT2_mod_106nt	125	27	A	24	15	0.00709808	0.00706293	0.211658
Ecoli_SRP_IDT2_mod_106nt	125	28	A	12	9	0.00184682	0.00183666	0.211658
Ecoli_SRP_IDT2_mod_106nt	125	29	C	29	21	0.00526244	0.00523537	0.211658
Ecoli_SRP_IDT2_mod_106nt	125	30	G	6	0	0.0059223	0.00589224	0.211658
Ecoli_SRP_IDT2_mod_106nt	125	31	C	96	23	0.0677512	0.0678502	0.211658
Ecoli_SRP_IDT2_mod_106nt	125	32	T	95	49	0.0368614	0.0367944	0.211658
Ecoli_SRP_IDT2_mod_106nt	125	33	A	10	5	0.00400146	0.00398034	0.211658
Ecoli_SRP_IDT2_mod_106nt	125	34	C	8	4	0.00319238	0.00317527	0.211658
Ecoli_SRP_IDT2_mod_106nt	125	35	T	20	11	0.00685172	0.00681761	0.211658
Ecoli_SRP_IDT2_mod_106nt	125	36	C	24	14	0.00729311	0.00725714	0.211658
Ecoli_SRP_IDT2_mod_106nt	125	37	T	26	14	0.00909857	0.00905542	0.211658
Ecoli_SRP_IDT2_mod_106nt	125	38	G	26	13	0.0101028	0.0100559	0.211658
Ecoli_SRP_IDT2_mod_106nt	125	39	T	3	8	0	0	0.211658
Ecoli_SRP_IDT2_mod_106nt	125	40	T	16	4	0.0104917	0.0104434	0.211658
Ecoli_SRP_IDT2_mod_106nt	125	41	T	100	27	0.0621463	0.0622	0.211658
Ecoli_SRP_IDT2_mod_106nt	125	42	A	47	12	0.0295059	0.0294293	0.211658
Ecoli_SRP_IDT2_mod_106nt	125	43	C	13	9	0.00205995	0.00204866	0.211658
Ecoli_SRP_IDT2_mod_106nt	125	44	C	40	27	0.00701131	0.00697653	0.211658
Ecoli_SRP_IDT2_mod_106nt	125	45	A	5	5	0	0	0.211658
Ecoli_SRP_IDT2_mod_106nt	125	46	G	11	1	0.00870519	0.00866354	0.211658
Ecoli_SRP_IDT2_mod_106nt	125	47	G	39	19	0.0143824	0.0143222	0.211658
Ecoli_SRP_IDT2_mod_106nt	125	48	T	7	3	0.0029994	0.00298326	0.211658
Ecoli_SRP_IDT2_mod_106nt	125	49	C	30	12	0.0136735	0.0136153	0.211658
Ecoli_SRP_IDT2_mod_106nt	125	50	A	6	0	0.00524466	0.00521766	0.211658
Ecoli_SRP_IDT2_mod_106nt	125	51	G	5	3	0.00121567	0.0012089	0.211658
Ecoli_SRP_IDT2_mod_106nt	125	52	G	22	9	0.00971845	0.00967299	0.211658
Ecoli_SRP_IDT2_mod_106nt	125	53	T	2	4	0	0	0.211658
Ecoli_SRP_IDT2_mod_106nt	125	54	C	7	1	0.00503231	0.0050063	0.211658
Ecoli_SRP_IDT2_mod_106nt	125	55	C	15	2	0.0109009	0.0108512	0.211658
Ecoli_SRP_IDT2_mod_106nt	125	56	G	6	0	0.00519023	0.00516349	0.211658
Ecoli_SRP_IDT2_mod_106nt	125	57	G	33	9	0.0190104	0.0189401	0.211658
Ecoli_SRP_IDT2_mod_106nt	125	58	A	6	6	0	0	0.211658
Ecoli_SRP_IDT2_mod_106nt	125	59	A	4	1	0.00239063	0.00237761	0.211658
Ecoli_SRP_IDT2_mod_106nt	125	60	G	5	2	0.00220326	0.00219122	0.211658
Ecoli_SRP_IDT2_mod_106nt	125	61	G	11	9	4.84548e-05	4.8179e-05	0.211658
Ecoli_SRP_IDT2_mod_106nt	125	62	A	12	5	0.00505592	0.0050298	0.211658
Ecoli_SRP_IDT2_mod_106nt	125	63	A	2	3	0	0	0.211658
Ecoli_SRP_IDT2_mod_106nt	125	64	G	14	2	0.00984925	0.00980332	0.211658
Ecoli_SRP_IDT2_mod_106nt	125	65	C	7	4	0.00180505	0.00179511	0.211658
Ecoli_SRP_IDT2_mod_106nt	125	66	A	12	5	0.00500766	0.00498177	0.211658
Ecoli_SRP_IDT2_mod_106nt	125	67	G	12	4	0.00602563	0.00599512	0.211658
Ecoli_SRP_IDT2_mod_106nt	125	68	C	3	3	0	0	0.211658
Ecoli_SRP_IDT2_mod_106nt	125	69	C	11	6	0.00309566	0.00307903	0.211658
Ecoli_SRP_IDT2_mod_106nt	125	70	A	2	3	0	0	0.211658
Ecoli_SRP_IDT2_mod_106nt	125	71	A	1	1	0	0	0.211658
Ecoli_SRP_IDT2_mod_106nt	125	72	G	1	6	0	0	0.211658
Ecoli_SRP_IDT2_mod_106nt	125	73	G	1	2	0	0	0.211658
Ecoli_SRP_IDT2_mod_106nt	125	74	C	9	8	0	0	0.211658
Ecoli_SRP_IDT2_mod_106nt	125	75	A	1	1	0	0	0.211658
Ecoli_SRP_IDT2_mod_106nt	125	76	G	6	6	0	0	0.211658
Ecoli_SRP_IDT2_mod_106nt	125	77	A	3	1	0.00149661	0.00148832	0.211658
Ecoli_SRP_IDT2_mod_106nt	125	78	T	3	1	0.00149549	0.00148721	0.211658
Ecoli_SRP_IDT2_mod_106nt	125	79	G	5	3	0.0011217	0.00111545	0.211658
Ecoli_SRP_IDT2_mod_106nt	125	80	A	2	3	0	0	0.211658
Ecoli_SRP_IDT2_mod_106nt	125	81	C	3	9	0	0	0.211658
Ecoli_SRP_IDT2_mod_106nt	125	82	G	1	3	0	0	0.211658
Ecoli_SRP_IDT2_mod_106nt	125	83	C	8	8	0	0	0.211658
Ecoli_SRP_IDT2_mod_106nt	125	84	G	14	6	0.0055894	0.00556084	0.211658
Ecoli_SRP_IDT2_mod_106nt	125	85	T	10	8	0.000198784	0.000197656	0.211658
Ecoli_SRP_IDT2_mod_106nt	125	86	G	41	21	0.012736	0.0126804	0.211658
Ecoli_SRP_IDT2_mod_106nt	125	87	T	26	17	0.00428792	0.00426542	0.211658
Ecoli_SRP_IDT2_mod_106nt	125	88	G	6	1	0.00393391	0.00391313	0.211658
Ecoli_SRP_IDT2_mod_106nt	125	89	C	1	1	0	0	0.211658
Ecoli_SRP_IDT2_mod_106nt	125	90	C	1	1	0	0	0.211658
Ecoli_SRP_IDT2_mod_106nt	125	91	G	0	0	0	0	0.211658
Ecoli_SRP_IDT2_mod_106nt	125	92	G	0	0	0	0	0.211658
Ecoli_SRP_IDT2_mod_106nt	125	93	G	3	6	0	0	0.211658
Ecoli_SRP_IDT2_mod_106nt	125	94	A	1	2	0	0	0.211658
Ecoli_SRP_IDT2_mod_106nt	125	95	T	0	0	0	0	0.211658
Ecoli_SRP_IDT2_mod_106nt	125	96	G	2	2	0	0	0.211658
Ecoli_SRP_IDT2_mod_106nt	125	97	T	0	2	0	0	0.211658
Ecoli_SRP_IDT2_mod_106nt	125	98	A	0	1	0	0	0.211658
Ecoli_SRP_IDT2_mod_106nt	125	99	G	1	6	0	0	0.211658
Ecoli_SRP_IDT2_mod_106nt	125	100	C	9	5	0.00237284	0.00235991	0.211658
Ecoli_SRP_IDT2_mod_106nt	125	101	T	1	1	0	0	0.211658
Ecoli_SRP_IDT2_mod_106nt	125	102	G	12	10	0	0	0.211658
Ecoli_SRP_IDT2_mod_106nt	125	103	G	7	4	0.00172636	0.00171684	0.211658
Ecoli_SRP_IDT2_mod_106nt	125	104	C	9	13	0	0	0.211658
Ecoli_SRP_IDT2_mod_106nt	125	105	A	57	146	0	0	0.211658
Ecoli_SRP_IDT2_mod_106nt	125	106	G	1250	2443	0	0	0.211658
Ecoli_SRP_IDT2_mod_106nt	125	107	C	2	13	0	0	0.211658
Ecoli_SRP_IDT2_mod_106nt	125	108	T	20	78	0	0	0.211658
Ecoli_SRP_IDT2_mod_106nt	125	109	G	34	58	0	0	0.211658
Ecoli_SRP_IDT2_mod_106nt	125	110	A	1	1	2.82479e-05	2.80871e-05	0.211658
Ecoli_SRP_IDT2_mod_106nt	125	111	C	1	0	0.000661791	0.000658067	0.211658
Ecoli_SRP_IDT2_mod_106nt	125	112	T	1	0	0.000661699	0.000657976	0.211658
Ecoli_SRP_IDT2_mod_106nt	125	113	C	0	0	0	0	0.211658
Ecoli_SRP_IDT2_mod_106nt	125	114	G	0	0	0	0	0.211658
Ecoli_SRP_IDT2_mod_106nt	125	115	G	0	0	0	0	0.211658
Ecoli_SRP_IDT2_mod_106nt	125	116	G	0	0	0	0	0.211658
Ecoli_SRP_IDT2_mod_106nt	125	117	C	0	0	0	0	0.211658
Ecoli_SRP_IDT2_mod_106nt	125	118	A	0	0	0	0	0.211658
Ecoli_SRP_IDT2_mod_106nt	125	119	C	0	0	0	0	0.211658
Ecoli_SRP_IDT2_mod_106nt	125	120	C	0	0	0	0	0.211658
Ecoli_SRP_IDT2_mod_106nt	125	121	A	0	0	0	0	0.211658
Ecoli_SRP_IDT2_mod_106nt	125	122	A	0	0	0	0	0.211658
Ecoli_SRP_IDT2_mod_106nt	125	123	G	0	0	0	0	0.211658
Ecoli_SRP_IDT2_mod_106nt	125	124	G	0	0	0	0	0.211658
