sequence	rt_start	five_prime_offset	nucleotide	treated_mods	untreated_mods	beta	theta	c
Ecoli_SRP_IDT2_mod_70nt	89	0	*	11609	12285	-	-	0.166177
Ecoli_SRP_IDT2_mod_70nt	89	1	A	539	236	0.157308	0.1586	0.166177
Ecoli_SRP_IDT2_mod_70nt	89	2	T	119	45	0.037143	0.0370729	0.166177
Ecoli_SRP_IDT2_mod_70nt	89	3	C	9	9	0.000105499	0.000104977	0.166177
Ecoli_SRP_IDT2_mod_70nt	89	4	G	14	4	0.00496759	0.00494501	0.166177
Ecoli_SRP_IDT2_mod_70nt	89	5	G	1	4	0	0	0.166177
Ecoli_SRP_IDT2_mod_70nt	89	6	G	71	40	0.0156197	0.0155624	0.166177
Ecoli_SRP_IDT2_mod_70nt	89	7	G	41	23	0.00900861	0.00897065	0.166177
Ecoli_SRP_IDT2_mod_70nt	89	8	G	78	64	0.00737958	0.00734749	0.166177
Ecoli_SRP_IDT2_mod_70nt	89	9	C	25	24	0.000692688	0.000689295	0.166177
Ecoli_SRP_IDT2_mod_70nt	89	10	T	41	29	0.00603427	0.00600737	0.166177
Ecoli_SRP_IDT2_mod_70nt	89	11	C	123	45	0.0375945	0.037525	0.166177
Ecoli_SRP_IDT2_mod_70nt	89	12	T	37	8	0.013843	0.0137902	0.166177
Ecoli_SRP_IDT2_mod_70nt	89	13	G	21	9	0.00573812	0.00571239	0.166177
Ecoli_SRP_IDT2_mod_70nt	89	14	T	64	10	0.0255652	0.0254925	0.166177
Ecoli_SRP_IDT2_mod_70nt	89	15	T	77	21	0.0263497	0.0262764	0.166177
Ecoli_SRP_IDT2_mod_70nt	89	16	G	32	14	0.00843129	0.00839537	0.166177
Ecoli_SRP_IDT2_mod_70nt	89	17	G	1872	1740	0.0523214	0.0522886	0.166177
Ecoli_SRP_IDT2_mod_70nt	89	18	T	364	205	0.0626111	0.0626256	0.166177
Ecoli_SRP_IDT2_mod_70nt	89	19	T	26	5	0.00833235	0.00829678	0.166177
Ecoli_SRP_IDT2_mod_70nt	89	20	C	8	14	0	0	0.166177
Ecoli_SRP_IDT2_mod_70nt	89	21	T	12	9	0.00111351	0.0011081	0.166177
Ecoli_SRP_IDT2_mod_70nt	89	22	C	24	10	0.00547655	0.00545188	0.166177
Ecoli_SRP_IDT2_mod_70nt	89	23	C	41	31	0.00367316	0.00365606	0.166177
Ecoli_SRP_IDT2_mod_70nt	89	24	C	77	53	0.00895954	0.00892175	0.166177
Ecoli_SRP_IDT2_mod_70nt	89	25	G	56	50	0.00184847	0.00183959	0.166177
Ecoli_SRP_IDT2_mod_70nt	89	26	C	117	71	0.0172218	0.0171609	0.166177
Ecoli_SRP_IDT2_mod_70nt	89	27	A	81	35	0.0174599	0.0173985	0.166177
Ecoli_SRP_IDT2_mod_70nt	89	28	A	26	29	0	0	0.166177
Ecoli_SRP_IDT2_mod_70nt	89	29	C	85	41	0.0164549	0.0163957	0.166177
Ecoli_SRP_IDT2_mod_70nt	89	30	G	15	11	0.00139309	0.00138635	0.166177
Ecoli_SRP_IDT2_mod_70nt	89	31	C	374	150	0.0822768	0.0824311	0.166177
Ecoli_SRP_IDT2_mod_70nt	89	32	T	355	127	0.0816006	0.081749	0.166177
Ecoli_SRP_IDT2_mod_70nt	89	33	A	33	21	0.00391644	0.00389829	0.166177
Ecoli_SRP_IDT2_mod_70nt	89	34	C	26	15	0.00367976	0.00366264	0.166177
Ecoli_SRP_IDT2_mod_70nt	89	35	T	53	29	0.0080836	0.00804892	0.166177
Ecoli_SRP_IDT2_mod_70nt	89	36	C	67	27	0.0139088	0.0138558	0.166177
Ecoli_SRP_IDT2_mod_70nt	89	37	T	116	48	0.0233879	0.0233171	0.166177
Ecoli_SRP_IDT2_mod_70nt	89	38	G	84	47	0.012075	0.0120271	0.166177
Ecoli_SRP_IDT2_mod_70nt	89	39	T	9	7	0.000529929	0.000527326	0.166177
Ecoli_SRP_IDT2_mod_70nt	89	40	T	81	12	0.0243642	0.0242924	0.166177
Ecoli_SRP_IDT2_mod_70nt	89	41	T	300	96	0.0690297	0.0690827	0.166177
Ecoli_SRP_IDT2_mod_70nt	89	42	A	104	40	0.0210772	0.0210094	0.166177
Ecoli_SRP_IDT2_mod_70nt	89	43	C	34	31	9.82671e-06	9.77802e-06	0.166177
Ecoli_SRP_IDT2_mod_70nt	89	44	C	76	44	0.00964661	0.00960647	0.166177
Ecoli_SRP_IDT2_mod_70nt	89	45	A	13	8	0.00146388	0.0014568	0.166177
Ecoli_SRP_IDT2_mod_70nt	89	46	G	54	15	0.0129821	0.0129316	0.166177
Ecoli_SRP_IDT2_mod_70nt	89	47	G	170	66	0.0333603	0.0332869	0.166177
Ecoli_SRP_IDT2_mod_70nt	89	48	T	19	20	0	0	0.166177
Ecoli_SRP_IDT2_mod_70nt	89	49	C	60	63	0	0	0.166177
Ecoli_SRP_IDT2_mod_70nt	89	50	A	33	15	0.00558837	0.00556325	0.166177
Ecoli_SRP_IDT2_mod_70nt	89	51	G	7	7	0	0	0.166177
Ecoli_SRP_IDT2_mod_70nt	89	52	G	96	25	0.0231282	0.0230577	0.166177
Ecoli_SRP_IDT2_mod_70nt	89	53	T	12	10	0.000301782	0.000300294	0.166177
Ecoli_SRP_IDT2_mod_70nt	89	54	C	21	9	0.00371688	0.0036996	0.166177
Ecoli_SRP_IDT2_mod_70nt	89	55	C	14	3	0.00360019	0.00358342	0.166177
Ecoli_SRP_IDT2_mod_70nt	89	56	G	3	5	0	0	0.166177
Ecoli_SRP_IDT2_mod_70nt	89	57	G	17	4	0.00423226	0.00421276	0.166177
Ecoli_SRP_IDT2_mod_70nt	89	58	A	17	6	0.00347749	0.00346125	0.166177
Ecoli_SRP_IDT2_mod_70nt	89	59	A	4	0	0.00134714	0.00134061	0.166177
Ecoli_SRP_IDT2_mod_70nt	89	60	G	3	3	0	0	0.166177
Ecoli_SRP_IDT2_mod_70nt	89	61	G	2	7	0	0	0.166177
Ecoli_SRP_IDT2_mod_70nt	89	62	A	5	5	0	0	0.166177
Ecoli_SRP_IDT2_mod_70nt	89	63	A	5	7	0	0	0.166177
Ecoli_SRP_IDT2_mod_70nt	89	64	G	13	30	0	0	0.166177
Ecoli_SRP_IDT2_mod_70nt	89	65	C	5	4	0.00018579	0.000184872	0.166177
Ecoli_SRP_IDT2_mod_70nt	89	66	A	24	58	0	0	0.166177
Ecoli_SRP_IDT2_mod_70nt	89	67	G	6	11	0	0	0.166177
Ecoli_SRP_IDT2_mod_70nt	89	68	C	28	124	0	0	0.166177
Ecoli_SRP_IDT2_mod_70nt	89	69	C	6643	22933	0	0	0.166177
Ecoli_SRP_IDT2_mod_70nt	89	70	A	1237	2358	0	0	0.166177
Ecoli_SRP_IDT2_mod_70nt	89	71	C	5	7	0.00015014	0.000149398	0.166177
Ecoli_SRP_IDT2_mod_70nt	89	72	T	20	63	0	0	0.166177
Ecoli_SRP_IDT2_mod_70nt	89	73	G	34	83	0	0	0.166177
Ecoli_SRP_IDT2_mod_70nt	89	74	A	1	0	0.000232709	0.000231561	0.166177
Ecoli_SRP_IDT2_mod_70nt	89	75	C	0	1	0	0	0.166177
Ecoli_SRP_IDT2_mod_70nt	89	76	T	0	0	0	0	0.166177
Ecoli_SRP_IDT2_mod_70nt	89	77	C	0	0	0	0	0.166177
Ecoli_SRP_IDT2_mod_70nt	89	78	G	0	0	0	0	0.166177
Ecoli_SRP_IDT2_mod_70nt	89	79	G	0	0	0	0	0.166177
Ecoli_SRP_IDT2_mod_70nt	89	80	G	0	0	0	0	0.166177
Ecoli_SRP_IDT2_mod_70nt	89	81	C	0	0	0	0	0.166177
Ecoli_SRP_IDT2_mod_70nt	89	82	A	0	0	0	0	0.166177
Ecoli_SRP_IDT2_mod_70nt	89	83	C	0	0	0	0	0.166177
Ecoli_SRP_IDT2_mod_70nt	89	84	C	0	0	0	0	0.166177
Ecoli_SRP_IDT2_mod_70nt	89	85	A	0	0	0	0	0.166177
Ecoli_SRP_IDT2_mod_70nt	89	86	A	0	0	0	0	0.166177
Ecoli_SRP_IDT2_mod_70nt	89	87	G	0	0	0	0	0.166177
Ecoli_SRP_IDT2_mod_70nt	89	88	G	0	0	0	0	0.166177
