sequence	rt_start	five_prime_offset	nucleotide	treated_mods	untreated_mods	beta	theta	c
Ecoli_SRP_IDT2_mod_117nt	136	0	*	515662	295518	-	-	0.0981345
Ecoli_SRP_IDT2_mod_117nt	136	1	A	27934	4516	0.379163	0.383033	0.0981345
Ecoli_SRP_IDT2_mod_117nt	136	2	T	7006	994	0.0971616	0.0967898	0.0981345
Ecoli_SRP_IDT2_mod_117nt	136	3	C	912	119	0.0129396	0.0128371	0.0981345
Ecoli_SRP_IDT2_mod_117nt	136	4	G	364	99	0.00340239	0.00337389	0.0981345
Ecoli_SRP_IDT2_mod_117nt	136	5	G	83	57	0	0	0.0981345
Ecoli_SRP_IDT2_mod_117nt	136	6	G	471	202	0.00187822	0.00186235	0.0981345
Ecoli_SRP_IDT2_mod_117nt	136	7	G	369	262	0	0	0.0981345
Ecoli_SRP_IDT2_mod_117nt	136	8	G	1072	829	0	0	0.0981345
Ecoli_SRP_IDT2_mod_117nt	136	9	C	377	338	0	0	0.0981345
Ecoli_SRP_IDT2_mod_117nt	136	10	T	717	557	0	0	0.0981345
Ecoli_SRP_IDT2_mod_117nt	136	11	C	1242	770	0	0	0.0981345
Ecoli_SRP_IDT2_mod_117nt	136	12	T	580	350	0	0	0.0981345
Ecoli_SRP_IDT2_mod_117nt	136	13	G	305	269	0	0	0.0981345
Ecoli_SRP_IDT2_mod_117nt	136	14	T	1069	541	0.00148147	0.00146892	0.0981345
Ecoli_SRP_IDT2_mod_117nt	136	15	T	1136	526	0.00321081	0.00318387	0.0981345
Ecoli_SRP_IDT2_mod_117nt	136	16	G	857	587	0	0	0.0981345
Ecoli_SRP_IDT2_mod_117nt	136	17	G	45991	38307	0	0	0.0981345
Ecoli_SRP_IDT2_mod_117nt	136	18	T	6850	4753	0	0	0.0981345
Ecoli_SRP_IDT2_mod_117nt	136	19	T	515	257	0.00107823	0.00106908	0.0981345
Ecoli_SRP_IDT2_mod_117nt	136	20	C	310	234	0	0	0.0981345
Ecoli_SRP_IDT2_mod_117nt	136	21	T	299	193	0	0	0.0981345
Ecoli_SRP_IDT2_mod_117nt	136	22	C	651	443	0	0	0.0981345
Ecoli_SRP_IDT2_mod_117nt	136	23	C	1511	801	0.00178351	0.00176843	0.0981345
Ecoli_SRP_IDT2_mod_117nt	136	24	C	2099	1269	0	0	0.0981345
Ecoli_SRP_IDT2_mod_117nt	136	25	G	1166	1050	0	0	0.0981345
Ecoli_SRP_IDT2_mod_117nt	136	26	C	2350	1806	0	0	0.0981345
Ecoli_SRP_IDT2_mod_117nt	136	27	A	803	371	0.00254604	0.0025246	0.0981345
Ecoli_SRP_IDT2_mod_117nt	136	28	A	342	159	0.00105407	0.00104512	0.0981345
Ecoli_SRP_IDT2_mod_117nt	136	29	C	1827	802	0.00697563	0.00691839	0.0981345
Ecoli_SRP_IDT2_mod_117nt	136	30	G	275	131	0.000751222	0.000744832	0.0981345
Ecoli_SRP_IDT2_mod_117nt	136	31	C	4140	2203	0.00463032	0.0045918	0.0981345
Ecoli_SRP_IDT2_mod_117nt	136	32	T	3100	1473	0.00845546	0.00838667	0.0981345
Ecoli_SRP_IDT2_mod_117nt	136	33	A	571	223	0.00292488	0.0029003	0.0981345
Ecoli_SRP_IDT2_mod_117nt	136	34	C	468	208	0.00167637	0.00166218	0.0981345
Ecoli_SRP_IDT2_mod_117nt	136	35	T	996	343	0.00639143	0.00633879	0.0981345
Ecoli_SRP_IDT2_mod_117nt	136	36	C	1388	661	0.00368824	0.00365738	0.0981345
Ecoli_SRP_IDT2_mod_117nt	136	37	T	2398	889	0.013488	0.0133815	0.0981345
Ecoli_SRP_IDT2_mod_117nt	136	38	G	1836	871	0.00489969	0.00485899	0.0981345
Ecoli_SRP_IDT2_mod_117nt	136	39	T	473	214	0.00155155	0.00153841	0.0981345
Ecoli_SRP_IDT2_mod_117nt	136	40	T	2293	373	0.0261741	0.0259836	0.0981345
Ecoli_SRP_IDT2_mod_117nt	136	41	T	13139	3755	0.102132	0.101766	0.0981345
Ecoli_SRP_IDT2_mod_117nt	136	42	A	5521	1493	0.0444716	0.0441873	0.0981345
Ecoli_SRP_IDT2_mod_117nt	136	43	C	2693	1407	0.00272952	0.00270656	0.0981345
Ecoli_SRP_IDT2_mod_117nt	136	44	C	10022	4292	0.0357207	0.0354772	0.0981345
Ecoli_SRP_IDT2_mod_117nt	136	45	A	1431	162	0.0173448	0.0172111	0.0981345
Ecoli_SRP_IDT2_mod_117nt	136	46	G	865	288	0.00527302	0.00522931	0.0981345
Ecoli_SRP_IDT2_mod_117nt	136	47	G	2343	827	0.0129449	0.0128424	0.0981345
Ecoli_SRP_IDT2_mod_117nt	136	48	T	784	456	0	0	0.0981345
Ecoli_SRP_IDT2_mod_117nt	136	49	C	3263	1546	0.007193	0.00713405	0.0981345
Ecoli_SRP_IDT2_mod_117nt	136	50	A	498	146	0.0035314	0.00350183	0.0981345
Ecoli_SRP_IDT2_mod_117nt	136	51	G	339	66	0.00330685	0.00327912	0.0981345
Ecoli_SRP_IDT2_mod_117nt	136	52	G	1076	334	0.0071065	0.00704823	0.0981345
Ecoli_SRP_IDT2_mod_117nt	136	53	T	265	101	0.0012404	0.00122987	0.0981345
Ecoli_SRP_IDT2_mod_117nt	136	54	C	606	181	0.0041855	0.00415059	0.0981345
Ecoli_SRP_IDT2_mod_117nt	136	55	C	1650	402	0.0138164	0.0137076	0.0981345
Ecoli_SRP_IDT2_mod_117nt	136	56	G	862	188	0.007796	0.00773233	0.0981345
Ecoli_SRP_IDT2_mod_117nt	136	57	G	5519	833	0.0594332	0.0590965	0.0981345
Ecoli_SRP_IDT2_mod_117nt	136	58	A	2072	455	0.018372	0.0182314	0.0981345
Ecoli_SRP_IDT2_mod_117nt	136	59	A	650	60	0.00797808	0.007913	0.0981345
Ecoli_SRP_IDT2_mod_117nt	136	60	G	537	197	0.0026168	0.00259477	0.0981345
Ecoli_SRP_IDT2_mod_117nt	136	61	G	2342	1068	0.00576501	0.00571737	0.0981345
Ecoli_SRP_IDT2_mod_117nt	136	62	A	966	402	0.00340061	0.00337211	0.0981345
Ecoli_SRP_IDT2_mod_117nt	136	63	A	500	157	0.00312586	0.00309962	0.0981345
Ecoli_SRP_IDT2_mod_117nt	136	64	G	1450	997	0	0	0.0981345
Ecoli_SRP_IDT2_mod_117nt	136	65	C	1522	795	0.00101747	0.00100882	0.0981345
Ecoli_SRP_IDT2_mod_117nt	136	66	A	870	439	0.000991036	0.000982617	0.0981345
Ecoli_SRP_IDT2_mod_117nt	136	67	G	1219	661	0.000163463	0.000162068	0.0981345
Ecoli_SRP_IDT2_mod_117nt	136	68	C	1237	1168	0	0	0.0981345
Ecoli_SRP_IDT2_mod_117nt	136	69	C	2024	1960	0	0	0.0981345
Ecoli_SRP_IDT2_mod_117nt	136	70	A	324	84	0.00247811	0.00245723	0.0981345
Ecoli_SRP_IDT2_mod_117nt	136	71	A	270	76	0.00190559	0.00188948	0.0981345
Ecoli_SRP_IDT2_mod_117nt	136	72	G	371	140	0.00167858	0.00166437	0.0981345
Ecoli_SRP_IDT2_mod_117nt	136	73	G	806	557	0	0	0.0981345
Ecoli_SRP_IDT2_mod_117nt	136	74	C	1772	1625	0	0	0.0981345
Ecoli_SRP_IDT2_mod_117nt	136	75	A	65	43	0	0	0.0981345
Ecoli_SRP_IDT2_mod_117nt	136	76	G	1344	927	0	0	0.0981345
Ecoli_SRP_IDT2_mod_117nt	136	77	A	142	48	0.00078806	0.000781357	0.0981345
Ecoli_SRP_IDT2_mod_117nt	136	78	T	86	28	0.000505157	0.000500854	0.0981345
Ecoli_SRP_IDT2_mod_117nt	136	79	G	553	184	0.0031422	0.00311584	0.0981345
Ecoli_SRP_IDT2_mod_117nt	136	80	A	102	56	2.51226e-06	2.4908e-06	0.0981345
Ecoli_SRP_IDT2_mod_117nt	136	81	C	530	306	0	0	0.0981345
Ecoli_SRP_IDT2_mod_117nt	136	82	G	273	149	2.98988e-05	2.96434e-05	0.0981345
Ecoli_SRP_IDT2_mod_117nt	136	83	C	693	436	0	0	0.0981345
Ecoli_SRP_IDT2_mod_117nt	136	84	G	457	263	0	0	0.0981345
Ecoli_SRP_IDT2_mod_117nt	136	85	T	435	94	0.0037844	0.00375276	0.0981345
Ecoli_SRP_IDT2_mod_117nt	136	86	G	1182	192	0.0119137	0.0118187	0.0981345
Ecoli_SRP_IDT2_mod_117nt	136	87	T	526	209	0.00207943	0.00206188	0.0981345
Ecoli_SRP_IDT2_mod_117nt	136	88	G	676	419	0	0	0.0981345
Ecoli_SRP_IDT2_mod_117nt	136	89	C	187	46	0.00147401	0.00146152	0.0981345
Ecoli_SRP_IDT2_mod_117nt	136	90	C	132	59	0.000350496	0.000347508	0.0981345
Ecoli_SRP_IDT2_mod_117nt	136	91	G	51	29	0	0	0.0981345
Ecoli_SRP_IDT2_mod_117nt	136	92	G	89	64	0	0	0.0981345
Ecoli_SRP_IDT2_mod_117nt	136	93	G	4233	3972	0	0	0.0981345
Ecoli_SRP_IDT2_mod_117nt	136	94	A	417	174	0.00143837	0.00142618	0.0981345
Ecoli_SRP_IDT2_mod_117nt	136	95	T	172	59	0.000921266	0.000913437	0.0981345
Ecoli_SRP_IDT2_mod_117nt	136	96	G	450	201	0.00120972	0.00119946	0.0981345
Ecoli_SRP_IDT2_mod_117nt	136	97	T	1185	399	0.00652267	0.006469	0.0981345
Ecoli_SRP_IDT2_mod_117nt	136	98	A	106	47	0.000292436	0.000289942	0.0981345
Ecoli_SRP_IDT2_mod_117nt	136	99	G	155	123	0	0	0.0981345
Ecoli_SRP_IDT2_mod_117nt	136	100	C	77	59	0	0	0.0981345
Ecoli_SRP_IDT2_mod_117nt	136	101	T	170	133	0	0	0.0981345
Ecoli_SRP_IDT2_mod_117nt	136	102	G	383	323	0	0	0.0981345
Ecoli_SRP_IDT2_mod_117nt	136	103	G	108	53	0.000167124	0.000165698	0.0981345
Ecoli_SRP_IDT2_mod_117nt	136	104	C	346	296	0	0	0.0981345
Ecoli_SRP_IDT2_mod_117nt	136	105	A	47	48	0	0	0.0981345
Ecoli_SRP_IDT2_mod_117nt	136	106	G	163	76	0.000354838	0.000351813	0.0981345
Ecoli_SRP_IDT2_mod_117nt	136	107	G	706	519	0	0	0.0981345
Ecoli_SRP_IDT2_mod_117nt	136	108	G	1357	1107	0	0	0.0981345
Ecoli_SRP_IDT2_mod_117nt	136	109	C	1442	1189	0	0	0.0981345
Ecoli_SRP_IDT2_mod_117nt	136	110	C	3198	3208	0	0	0.0981345
Ecoli_SRP_IDT2_mod_117nt	136	111	C	168	374	0	0	0.0981345
Ecoli_SRP_IDT2_mod_117nt	136	112	C	30	98	0	0	0.0981345
Ecoli_SRP_IDT2_mod_117nt	136	113	C	160	411	0	0	0.0981345
Ecoli_SRP_IDT2_mod_117nt	136	114	A	17	17	0	0	0.0981345
Ecoli_SRP_IDT2_mod_117nt	136	115	C	26	27	0	0	0.0981345
Ecoli_SRP_IDT2_mod_117nt	136	116	C	42	111	0	0	0.0981345
Ecoli_SRP_IDT2_mod_117nt	136	117	C	1208	2407	0	0	0.0981345
Ecoli_SRP_IDT2_mod_117nt	136	118	C	2	8	0	0	0.0981345
Ecoli_SRP_IDT2_mod_117nt	136	119	T	26	73	0	0	0.0981345
Ecoli_SRP_IDT2_mod_117nt	136	120	G	31	73	0	0	0.0981345
Ecoli_SRP_IDT2_mod_117nt	136	121	A	0	0	0	0	0.0981345
Ecoli_SRP_IDT2_mod_117nt	136	122	C	0	0	0	0	0.0981345
Ecoli_SRP_IDT2_mod_117nt	136	123	T	0	0	0	0	0.0981345
Ecoli_SRP_IDT2_mod_117nt	136	124	C	0	0	0	0	0.0981345
Ecoli_SRP_IDT2_mod_117nt	136	125	G	0	0	0	0	0.0981345
Ecoli_SRP_IDT2_mod_117nt	136	126	G	0	0	0	0	0.0981345
Ecoli_SRP_IDT2_mod_117nt	136	127	G	0	0	0	0	0.0981345
Ecoli_SRP_IDT2_mod_117nt	136	128	C	0	0	0	0	0.0981345
Ecoli_SRP_IDT2_mod_117nt	136	129	A	0	0	0	0	0.0981345
Ecoli_SRP_IDT2_mod_117nt	136	130	C	0	0	0	0	0.0981345
Ecoli_SRP_IDT2_mod_117nt	136	131	C	0	0	0	0	0.0981345
Ecoli_SRP_IDT2_mod_117nt	136	132	A	0	0	0	0	0.0981345
Ecoli_SRP_IDT2_mod_117nt	136	133	A	0	0	0	0	0.0981345
Ecoli_SRP_IDT2_mod_117nt	136	134	G	0	0	0	0	0.0981345
Ecoli_SRP_IDT2_mod_117nt	136	135	G	0	0	0	0	0.0981345
