sequence	rt_start	five_prime_offset	nucleotide	treated_mods	untreated_mods	beta	theta	c
Ecoli_SRP_IDT2_mod_114nt	133	0	*	44631	33253	-	-	0.14086
Ecoli_SRP_IDT2_mod_114nt	133	1	A	2451	558	0.258506	0.2614	0.14086
Ecoli_SRP_IDT2_mod_114nt	133	2	T	578	125	0.0606047	0.0604252	0.14086
Ecoli_SRP_IDT2_mod_114nt	133	3	C	72	19	0.00678877	0.00674314	0.14086
Ecoli_SRP_IDT2_mod_114nt	133	4	G	47	14	0.00408869	0.00406044	0.14086
Ecoli_SRP_IDT2_mod_114nt	133	5	G	11	13	0	0	0.14086
Ecoli_SRP_IDT2_mod_114nt	133	6	G	47	35	0	0	0.14086
Ecoli_SRP_IDT2_mod_114nt	133	7	G	37	37	0	0	0.14086
Ecoli_SRP_IDT2_mod_114nt	133	8	G	132	130	0	0	0.14086
Ecoli_SRP_IDT2_mod_114nt	133	9	C	51	40	0	0	0.14086
Ecoli_SRP_IDT2_mod_114nt	133	10	T	92	79	0	0	0.14086
Ecoli_SRP_IDT2_mod_114nt	133	11	C	153	122	0	0	0.14086
Ecoli_SRP_IDT2_mod_114nt	133	12	T	63	46	0	0	0.14086
Ecoli_SRP_IDT2_mod_114nt	133	13	G	37	48	0	0	0.14086
Ecoli_SRP_IDT2_mod_114nt	133	14	T	157	80	0.00660085	0.0065564	0.14086
Ecoli_SRP_IDT2_mod_114nt	133	15	T	176	105	0.00420143	0.00417244	0.14086
Ecoli_SRP_IDT2_mod_114nt	133	16	G	133	89	0.00117308	0.00116473	0.14086
Ecoli_SRP_IDT2_mod_114nt	133	17	G	5775	5810	0	0	0.14086
Ecoli_SRP_IDT2_mod_114nt	133	18	T	975	818	0	0	0.14086
Ecoli_SRP_IDT2_mod_114nt	133	19	T	103	83	0	0	0.14086
Ecoli_SRP_IDT2_mod_114nt	133	20	C	53	61	0	0	0.14086
Ecoli_SRP_IDT2_mod_114nt	133	21	T	65	43	0.000934886	0.000928222	0.14086
Ecoli_SRP_IDT2_mod_114nt	133	22	C	140	93	0.00194055	0.00192686	0.14086
Ecoli_SRP_IDT2_mod_114nt	133	23	C	234	151	0.00398146	0.00395392	0.14086
Ecoli_SRP_IDT2_mod_114nt	133	24	C	392	284	0.0013326	0.00132313	0.14086
Ecoli_SRP_IDT2_mod_114nt	133	25	G	337	307	0	0	0.14086
Ecoli_SRP_IDT2_mod_114nt	133	26	C	293	312	0	0	0.14086
Ecoli_SRP_IDT2_mod_114nt	133	27	A	192	120	0.00390477	0.00387774	0.14086
Ecoli_SRP_IDT2_mod_114nt	133	28	A	59	43	0.000174839	0.000173584	0.14086
Ecoli_SRP_IDT2_mod_114nt	133	29	C	378	174	0.017911	0.0178045	0.14086
Ecoli_SRP_IDT2_mod_114nt	133	30	G	54	19	0.00351703	0.00349259	0.14086
Ecoli_SRP_IDT2_mod_114nt	133	31	C	608	365	0.0143727	0.0142837	0.14086
Ecoli_SRP_IDT2_mod_114nt	133	32	T	497	266	0.0168302	0.0167288	0.14086
Ecoli_SRP_IDT2_mod_114nt	133	33	A	134	81	0.00298602	0.00296516	0.14086
Ecoli_SRP_IDT2_mod_114nt	133	34	C	86	36	0.00451461	0.00448355	0.14086
Ecoli_SRP_IDT2_mod_114nt	133	35	T	170	91	0.00566643	0.0056279	0.14086
Ecoli_SRP_IDT2_mod_114nt	133	36	C	240	131	0.0075411	0.00749081	0.14086
Ecoli_SRP_IDT2_mod_114nt	133	37	T	448	225	0.0170753	0.0169727	0.14086
Ecoli_SRP_IDT2_mod_114nt	133	38	G	310	191	0.00602594	0.00598511	0.14086
Ecoli_SRP_IDT2_mod_114nt	133	39	T	73	57	0	0	0.14086
Ecoli_SRP_IDT2_mod_114nt	133	40	T	406	108	0.0304611	0.0303066	0.14086
Ecoli_SRP_IDT2_mod_114nt	133	41	T	2124	723	0.129171	0.129414	0.14086
Ecoli_SRP_IDT2_mod_114nt	133	42	A	1146	486	0.052518	0.0523326	0.14086
Ecoli_SRP_IDT2_mod_114nt	133	43	C	776	469	0.0132151	0.0131321	0.14086
Ecoli_SRP_IDT2_mod_114nt	133	44	C	1463	665	0.0571997	0.0570166	0.14086
Ecoli_SRP_IDT2_mod_114nt	133	45	A	277	54	0.0215262	0.0214036	0.14086
Ecoli_SRP_IDT2_mod_114nt	133	46	G	161	62	0.00782658	0.00777454	0.14086
Ecoli_SRP_IDT2_mod_114nt	133	47	G	390	190	0.0128173	0.0127365	0.14086
Ecoli_SRP_IDT2_mod_114nt	133	48	T	212	154	0	0	0.14086
Ecoli_SRP_IDT2_mod_114nt	133	49	C	451	260	0.00859345	0.00853676	0.14086
Ecoli_SRP_IDT2_mod_114nt	133	50	A	102	37	0.00519185	0.00515638	0.14086
Ecoli_SRP_IDT2_mod_114nt	133	51	G	58	24	0.00250453	0.00248695	0.14086
Ecoli_SRP_IDT2_mod_114nt	133	52	G	172	78	0.00638569	0.00634259	0.14086
Ecoli_SRP_IDT2_mod_114nt	133	53	T	58	44	0	0	0.14086
Ecoli_SRP_IDT2_mod_114nt	133	54	C	109	43	0.00498903	0.00495487	0.14086
Ecoli_SRP_IDT2_mod_114nt	133	55	C	274	99	0.0138304	0.0137442	0.14086
Ecoli_SRP_IDT2_mod_114nt	133	56	G	150	34	0.0105384	0.0104703	0.14086
Ecoli_SRP_IDT2_mod_114nt	133	57	G	815	159	0.0603306	0.0601507	0.14086
Ecoli_SRP_IDT2_mod_114nt	133	58	A	391	114	0.0231278	0.0229987	0.14086
Ecoli_SRP_IDT2_mod_114nt	133	59	A	139	24	0.0106253	0.0105567	0.14086
Ecoli_SRP_IDT2_mod_114nt	133	60	G	89	27	0.00507408	0.00503937	0.14086
Ecoli_SRP_IDT2_mod_114nt	133	61	G	357	179	0.00984885	0.00978475	0.14086
Ecoli_SRP_IDT2_mod_114nt	133	62	A	191	100	0.00461447	0.00458276	0.14086
Ecoli_SRP_IDT2_mod_114nt	133	63	A	103	53	0.00261562	0.00259728	0.14086
Ecoli_SRP_IDT2_mod_114nt	133	64	G	296	229	0	0	0.14086
Ecoli_SRP_IDT2_mod_114nt	133	65	C	230	129	0.00425014	0.00422082	0.14086
Ecoli_SRP_IDT2_mod_114nt	133	66	A	192	103	0.00420992	0.00418087	0.14086
Ecoli_SRP_IDT2_mod_114nt	133	67	G	223	167	0	0	0.14086
Ecoli_SRP_IDT2_mod_114nt	133	68	C	264	266	0	0	0.14086
Ecoli_SRP_IDT2_mod_114nt	133	69	C	246	221	0	0	0.14086
Ecoli_SRP_IDT2_mod_114nt	133	70	A	69	32	0.00222781	0.00221213	0.14086
Ecoli_SRP_IDT2_mod_114nt	133	71	A	54	31	0.000887928	0.000881595	0.14086
Ecoli_SRP_IDT2_mod_114nt	133	72	G	85	39	0.00279682	0.00277724	0.14086
Ecoli_SRP_IDT2_mod_114nt	133	73	G	181	142	0	0	0.14086
Ecoli_SRP_IDT2_mod_114nt	133	74	C	203	197	0	0	0.14086
Ecoli_SRP_IDT2_mod_114nt	133	75	A	18	16	0	0	0.14086
Ecoli_SRP_IDT2_mod_114nt	133	76	G	282	219	0	0	0.14086
Ecoli_SRP_IDT2_mod_114nt	133	77	A	38	16	0.0014451	0.00143485	0.14086
Ecoli_SRP_IDT2_mod_114nt	133	78	T	17	14	0	0	0.14086
Ecoli_SRP_IDT2_mod_114nt	133	79	G	153	71	0.00487503	0.00484162	0.14086
Ecoli_SRP_IDT2_mod_114nt	133	80	A	31	33	0	0	0.14086
Ecoli_SRP_IDT2_mod_114nt	133	81	C	95	84	0	0	0.14086
Ecoli_SRP_IDT2_mod_114nt	133	82	G	104	76	0	0	0.14086
Ecoli_SRP_IDT2_mod_114nt	133	83	C	149	127	0	0	0.14086
Ecoli_SRP_IDT2_mod_114nt	133	84	G	127	106	0	0	0.14086
Ecoli_SRP_IDT2_mod_114nt	133	85	T	133	34	0.00808347	0.00802986	0.14086
Ecoli_SRP_IDT2_mod_114nt	133	86	G	238	76	0.0122946	0.0122167	0.14086
Ecoli_SRP_IDT2_mod_114nt	133	87	T	128	99	0	0	0.14086
Ecoli_SRP_IDT2_mod_114nt	133	88	G	139	86	0.00135204	0.00134245	0.14086
Ecoli_SRP_IDT2_mod_114nt	133	89	C	34	12	0.00158766	0.00157641	0.14086
Ecoli_SRP_IDT2_mod_114nt	133	90	C	24	14	0.000350558	0.000348045	0.14086
Ecoli_SRP_IDT2_mod_114nt	133	91	G	14	5	0.000645037	0.000640426	0.14086
Ecoli_SRP_IDT2_mod_114nt	133	92	G	17	21	0	0	0.14086
Ecoli_SRP_IDT2_mod_114nt	133	93	G	609	777	0	0	0.14086
Ecoli_SRP_IDT2_mod_114nt	133	94	A	185	95	0.00454083	0.0045096	0.14086
Ecoli_SRP_IDT2_mod_114nt	133	95	T	61	30	0.00167432	0.00166247	0.14086
Ecoli_SRP_IDT2_mod_114nt	133	96	G	199	135	0.000381941	0.000379204	0.14086
Ecoli_SRP_IDT2_mod_114nt	133	97	T	54	21	0.00223343	0.00221771	0.14086
Ecoli_SRP_IDT2_mod_114nt	133	98	A	7	1	0.000524092	0.000520341	0.14086
Ecoli_SRP_IDT2_mod_114nt	133	99	G	15	6	0.000597198	0.000592927	0.14086
Ecoli_SRP_IDT2_mod_114nt	133	100	C	15	7	0.000460757	0.000457458	0.14086
Ecoli_SRP_IDT2_mod_114nt	133	101	T	17	7	0.000649155	0.000644515	0.14086
Ecoli_SRP_IDT2_mod_114nt	133	102	G	35	34	0	0	0.14086
Ecoli_SRP_IDT2_mod_114nt	133	103	G	49	38	0	0	0.14086
Ecoli_SRP_IDT2_mod_114nt	133	104	C	63	56	0	0	0.14086
Ecoli_SRP_IDT2_mod_114nt	133	105	A	3	3	0	0	0.14086
Ecoli_SRP_IDT2_mod_114nt	133	106	G	15	16	0	0	0.14086
Ecoli_SRP_IDT2_mod_114nt	133	107	G	62	114	0	0	0.14086
Ecoli_SRP_IDT2_mod_114nt	133	108	G	31	65	0	0	0.14086
Ecoli_SRP_IDT2_mod_114nt	133	109	C	19	38	0	0	0.14086
Ecoli_SRP_IDT2_mod_114nt	133	110	C	174	205	0	0	0.14086
Ecoli_SRP_IDT2_mod_114nt	133	111	C	8	7	0	0	0.14086
Ecoli_SRP_IDT2_mod_114nt	133	112	C	27	124	0	0	0.14086
Ecoli_SRP_IDT2_mod_114nt	133	113	C	6710	22997	0	0	0.14086
Ecoli_SRP_IDT2_mod_114nt	133	114	A	1202	2322	0	0	0.14086
Ecoli_SRP_IDT2_mod_114nt	133	115	C	4	17	0	0	0.14086
Ecoli_SRP_IDT2_mod_114nt	133	116	T	18	59	0	0	0.14086
Ecoli_SRP_IDT2_mod_114nt	133	117	G	33	69	0	0	0.14086
Ecoli_SRP_IDT2_mod_114nt	133	118	A	1	0	8.48261e-05	8.42165e-05	0.14086
Ecoli_SRP_IDT2_mod_114nt	133	119	C	0	0	0	0	0.14086
Ecoli_SRP_IDT2_mod_114nt	133	120	T	2	0	0.000169648	0.00016843	0.14086
Ecoli_SRP_IDT2_mod_114nt	133	121	C	0	0	0	0	0.14086
Ecoli_SRP_IDT2_mod_114nt	133	122	G	0	0	0	0	0.14086
Ecoli_SRP_IDT2_mod_114nt	133	123	G	0	0	0	0	0.14086
Ecoli_SRP_IDT2_mod_114nt	133	124	G	0	0	0	0	0.14086
Ecoli_SRP_IDT2_mod_114nt	133	125	C	0	0	0	0	0.14086
Ecoli_SRP_IDT2_mod_114nt	133	126	A	0	0	0	0	0.14086
Ecoli_SRP_IDT2_mod_114nt	133	127	C	0	0	0	0	0.14086
Ecoli_SRP_IDT2_mod_114nt	133	128	C	0	0	0	0	0.14086
Ecoli_SRP_IDT2_mod_114nt	133	129	A	0	0	0	0	0.14086
Ecoli_SRP_IDT2_mod_114nt	133	130	A	0	0	0	0	0.14086
Ecoli_SRP_IDT2_mod_114nt	133	131	G	0	0	0	0	0.14086
Ecoli_SRP_IDT2_mod_114nt	133	132	G	0	0	0	0	0.14086
