sequence	rt_start	five_prime_offset	nucleotide	treated_mods	untreated_mods	beta	theta	c
Ecoli_SRP_IDT2_mod_113nt	132	0	*	452440	238982	-	-	0.101896
Ecoli_SRP_IDT2_mod_113nt	132	1	A	27322	3688	0.420511	0.425148	0.101896
Ecoli_SRP_IDT2_mod_113nt	132	2	T	5708	840	0.082691	0.0821609	0.101896
Ecoli_SRP_IDT2_mod_113nt	132	3	C	724	110	0.0102962	0.0101928	0.101896
Ecoli_SRP_IDT2_mod_113nt	132	4	G	269	51	0.00340949	0.00337408	0.101896
Ecoli_SRP_IDT2_mod_113nt	132	5	G	62	28	0.00012438	0.000123068	0.101896
Ecoli_SRP_IDT2_mod_113nt	132	6	G	298	126	0.000946415	0.000936468	0.101896
Ecoli_SRP_IDT2_mod_113nt	132	7	G	291	123	0.000924791	0.00091507	0.101896
Ecoli_SRP_IDT2_mod_113nt	132	8	G	834	634	0	0	0.101896
Ecoli_SRP_IDT2_mod_113nt	132	9	C	307	245	0	0	0.101896
Ecoli_SRP_IDT2_mod_113nt	132	10	T	524	453	0	0	0.101896
Ecoli_SRP_IDT2_mod_113nt	132	11	C	983	566	0	0	0.101896
Ecoli_SRP_IDT2_mod_113nt	132	12	T	426	272	0	0	0.101896
Ecoli_SRP_IDT2_mod_113nt	132	13	G	246	200	0	0	0.101896
Ecoli_SRP_IDT2_mod_113nt	132	14	T	893	411	0.00150749	0.00149169	0.101896
Ecoli_SRP_IDT2_mod_113nt	132	15	T	975	436	0.00215107	0.00212859	0.101896
Ecoli_SRP_IDT2_mod_113nt	132	16	G	782	523	0	0	0.101896
Ecoli_SRP_IDT2_mod_113nt	132	17	G	42808	33609	0	0	0.101896
Ecoli_SRP_IDT2_mod_113nt	132	18	T	6785	4745	0	0	0.101896
Ecoli_SRP_IDT2_mod_113nt	132	19	T	469	254	0	0	0.101896
Ecoli_SRP_IDT2_mod_113nt	132	20	C	306	184	0	0	0.101896
Ecoli_SRP_IDT2_mod_113nt	132	21	T	283	193	0	0	0.101896
Ecoli_SRP_IDT2_mod_113nt	132	22	C	743	497	0	0	0.101896
Ecoli_SRP_IDT2_mod_113nt	132	23	C	1597	873	0	0	0.101896
Ecoli_SRP_IDT2_mod_113nt	132	24	C	2064	1315	0	0	0.101896
Ecoli_SRP_IDT2_mod_113nt	132	25	G	907	734	0	0	0.101896
Ecoli_SRP_IDT2_mod_113nt	132	26	C	2200	1722	0	0	0.101896
Ecoli_SRP_IDT2_mod_113nt	132	27	A	812	433	0	0	0.101896
Ecoli_SRP_IDT2_mod_113nt	132	28	A	332	147	0.000975282	0.000965033	0.101896
Ecoli_SRP_IDT2_mod_113nt	132	29	C	1843	736	0.00809895	0.00801672	0.101896
Ecoli_SRP_IDT2_mod_113nt	132	30	G	281	127	0.000731153	0.000723461	0.101896
Ecoli_SRP_IDT2_mod_113nt	132	31	C	4248	2079	0.00562462	0.00556682	0.101896
Ecoli_SRP_IDT2_mod_113nt	132	32	T	3069	1477	0.00484758	0.00479757	0.101896
Ecoli_SRP_IDT2_mod_113nt	132	33	A	562	219	0.00260068	0.00257356	0.101896
Ecoli_SRP_IDT2_mod_113nt	132	34	C	448	197	0.00132178	0.00130791	0.101896
Ecoli_SRP_IDT2_mod_113nt	132	35	T	990	376	0.00489039	0.00483996	0.101896
Ecoli_SRP_IDT2_mod_113nt	132	36	C	1307	611	0.00262251	0.00259516	0.101896
Ecoli_SRP_IDT2_mod_113nt	132	37	T	2338	895	0.0112198	0.0111077	0.101896
Ecoli_SRP_IDT2_mod_113nt	132	38	G	1705	778	0.00399011	0.00394878	0.101896
Ecoli_SRP_IDT2_mod_113nt	132	39	T	430	209	0.00058027	0.000574161	0.101896
Ecoli_SRP_IDT2_mod_113nt	132	40	T	2455	398	0.0294676	0.0291999	0.101896
Ecoli_SRP_IDT2_mod_113nt	132	41	T	13417	3596	0.111322	0.11077	0.101896
Ecoli_SRP_IDT2_mod_113nt	132	42	A	5063	1217	0.045682	0.0453042	0.101896
Ecoli_SRP_IDT2_mod_113nt	132	43	C	2311	1106	0.0028728	0.00284288	0.101896
Ecoli_SRP_IDT2_mod_113nt	132	44	C	9728	3715	0.0418115	0.0414575	0.101896
Ecoli_SRP_IDT2_mod_113nt	132	45	A	1451	164	0.0185939	0.0184149	0.101896
Ecoli_SRP_IDT2_mod_113nt	132	46	G	777	235	0.00524025	0.0051863	0.101896
Ecoli_SRP_IDT2_mod_113nt	132	47	G	2272	825	0.0108675	0.0107587	0.101896
Ecoli_SRP_IDT2_mod_113nt	132	48	T	521	325	0	0	0.101896
Ecoli_SRP_IDT2_mod_113nt	132	49	C	2596	1304	0.000876182	0.00086697	0.101896
Ecoli_SRP_IDT2_mod_113nt	132	50	A	495	94	0.00506306	0.00501089	0.101896
Ecoli_SRP_IDT2_mod_113nt	132	51	G	310	70	0.00281577	0.00278644	0.101896
Ecoli_SRP_IDT2_mod_113nt	132	52	G	1030	337	0.00603596	0.00597405	0.101896
Ecoli_SRP_IDT2_mod_113nt	132	53	T	251	101	0.000871698	0.000862532	0.101896
Ecoli_SRP_IDT2_mod_113nt	132	54	C	530	159	0.00355343	0.00351654	0.101896
Ecoli_SRP_IDT2_mod_113nt	132	55	C	1708	432	0.0139485	0.013811	0.101896
Ecoli_SRP_IDT2_mod_113nt	132	56	G	805	201	0.00663865	0.00657076	0.101896
Ecoli_SRP_IDT2_mod_113nt	132	57	G	5354	777	0.061255	0.0607962	0.101896
Ecoli_SRP_IDT2_mod_113nt	132	58	A	2117	493	0.0182519	0.0180759	0.101896
Ecoli_SRP_IDT2_mod_113nt	132	59	A	654	63	0.00842702	0.0083416	0.101896
Ecoli_SRP_IDT2_mod_113nt	132	60	G	499	236	0.000523841	0.000518324	0.101896
Ecoli_SRP_IDT2_mod_113nt	132	61	G	2167	924	0.00542114	0.00536537	0.101896
Ecoli_SRP_IDT2_mod_113nt	132	62	A	994	404	0.00309546	0.00306326	0.101896
Ecoli_SRP_IDT2_mod_113nt	132	63	A	479	153	0.00279078	0.00276171	0.101896
Ecoli_SRP_IDT2_mod_113nt	132	64	G	974	572	0	0	0.101896
Ecoli_SRP_IDT2_mod_113nt	132	65	C	1360	705	0	0	0.101896
Ecoli_SRP_IDT2_mod_113nt	132	66	A	932	427	0.0013839	0.00136938	0.101896
Ecoli_SRP_IDT2_mod_113nt	132	67	G	970	534	0	0	0.101896
Ecoli_SRP_IDT2_mod_113nt	132	68	C	603	453	0	0	0.101896
Ecoli_SRP_IDT2_mod_113nt	132	69	C	1064	1129	0	0	0.101896
Ecoli_SRP_IDT2_mod_113nt	132	70	A	273	102	0.00112457	0.00111276	0.101896
Ecoli_SRP_IDT2_mod_113nt	132	71	A	324	91	0.00226075	0.00223713	0.101896
Ecoli_SRP_IDT2_mod_113nt	132	72	G	357	161	0.000615961	0.000609477	0.101896
Ecoli_SRP_IDT2_mod_113nt	132	73	G	760	397	0	0	0.101896
Ecoli_SRP_IDT2_mod_113nt	132	74	C	1166	1113	0	0	0.101896
Ecoli_SRP_IDT2_mod_113nt	132	75	A	72	43	0	0	0.101896
Ecoli_SRP_IDT2_mod_113nt	132	76	G	1521	1119	0	0	0.101896
Ecoli_SRP_IDT2_mod_113nt	132	77	A	156	53	0.000804037	0.000795581	0.101896
Ecoli_SRP_IDT2_mod_113nt	132	78	T	86	38	0.000174579	0.000172737	0.101896
Ecoli_SRP_IDT2_mod_113nt	132	79	G	583	178	0.00361426	0.00357675	0.101896
Ecoli_SRP_IDT2_mod_113nt	132	80	A	130	83	0	0	0.101896
Ecoli_SRP_IDT2_mod_113nt	132	81	C	660	367	0	0	0.101896
Ecoli_SRP_IDT2_mod_113nt	132	82	G	343	200	0	0	0.101896
Ecoli_SRP_IDT2_mod_113nt	132	83	C	858	541	0	0	0.101896
Ecoli_SRP_IDT2_mod_113nt	132	84	G	989	564	0	0	0.101896
Ecoli_SRP_IDT2_mod_113nt	132	85	T	497	228	0.000749903	0.000742014	0.101896
Ecoli_SRP_IDT2_mod_113nt	132	86	G	2033	707	0.00988834	0.00978882	0.101896
Ecoli_SRP_IDT2_mod_113nt	132	87	T	1317	675	0	0	0.101896
Ecoli_SRP_IDT2_mod_113nt	132	88	G	631	371	0	0	0.101896
Ecoli_SRP_IDT2_mod_113nt	132	89	C	344	160	0.000445178	0.000440488	0.101896
Ecoli_SRP_IDT2_mod_113nt	132	90	C	248	138	0	0	0.101896
Ecoli_SRP_IDT2_mod_113nt	132	91	G	136	92	0	0	0.101896
Ecoli_SRP_IDT2_mod_113nt	132	92	G	148	97	0	0	0.101896
Ecoli_SRP_IDT2_mod_113nt	132	93	G	5930	4700	0	0	0.101896
Ecoli_SRP_IDT2_mod_113nt	132	94	A	837	397	0.000902722	0.000893232	0.101896
Ecoli_SRP_IDT2_mod_113nt	132	95	T	262	130	0.00011196	0.000110778	0.101896
Ecoli_SRP_IDT2_mod_113nt	132	96	G	968	474	0.000599856	0.000593541	0.101896
Ecoli_SRP_IDT2_mod_113nt	132	97	T	701	296	0.00183328	0.00181409	0.101896
Ecoli_SRP_IDT2_mod_113nt	132	98	A	83	49	0	0	0.101896
Ecoli_SRP_IDT2_mod_113nt	132	99	G	123	64	0	0	0.101896
Ecoli_SRP_IDT2_mod_113nt	132	100	C	174	117	0	0	0.101896
Ecoli_SRP_IDT2_mod_113nt	132	101	T	297	165	0	0	0.101896
Ecoli_SRP_IDT2_mod_113nt	132	102	G	430	306	0	0	0.101896
Ecoli_SRP_IDT2_mod_113nt	132	103	G	438	307	0	0	0.101896
Ecoli_SRP_IDT2_mod_113nt	132	104	C	1418	998	0	0	0.101896
Ecoli_SRP_IDT2_mod_113nt	132	105	A	87	76	0	0	0.101896
Ecoli_SRP_IDT2_mod_113nt	132	106	G	185	140	0	0	0.101896
Ecoli_SRP_IDT2_mod_113nt	132	107	G	259	364	0	0	0.101896
Ecoli_SRP_IDT2_mod_113nt	132	108	G	112	175	0	0	0.101896
Ecoli_SRP_IDT2_mod_113nt	132	109	C	92	133	0	0	0.101896
Ecoli_SRP_IDT2_mod_113nt	132	110	C	11	17	0	0	0.101896
Ecoli_SRP_IDT2_mod_113nt	132	111	C	18	33	0	0	0.101896
Ecoli_SRP_IDT2_mod_113nt	132	112	C	43	160	0	0	0.101896
Ecoli_SRP_IDT2_mod_113nt	132	113	C	1276	2436	0	0	0.101896
Ecoli_SRP_IDT2_mod_113nt	132	114	C	6	14	0	0	0.101896
Ecoli_SRP_IDT2_mod_113nt	132	115	T	24	78	0	0	0.101896
Ecoli_SRP_IDT2_mod_113nt	132	116	G	32	81	0	0	0.101896
Ecoli_SRP_IDT2_mod_113nt	132	117	A	0	1	0	0	0.101896
Ecoli_SRP_IDT2_mod_113nt	132	118	C	0	1	0	0	0.101896
Ecoli_SRP_IDT2_mod_113nt	132	119	T	0	0	0	0	0.101896
Ecoli_SRP_IDT2_mod_113nt	132	120	C	0	0	0	0	0.101896
Ecoli_SRP_IDT2_mod_113nt	132	121	G	0	0	0	0	0.101896
Ecoli_SRP_IDT2_mod_113nt	132	122	G	0	0	0	0	0.101896
Ecoli_SRP_IDT2_mod_113nt	132	123	G	0	0	0	0	0.101896
Ecoli_SRP_IDT2_mod_113nt	132	124	C	0	0	0	0	0.101896
Ecoli_SRP_IDT2_mod_113nt	132	125	A	0	0	0	0	0.101896
Ecoli_SRP_IDT2_mod_113nt	132	126	C	0	0	0	0	0.101896
Ecoli_SRP_IDT2_mod_113nt	132	127	C	0	0	0	0	0.101896
Ecoli_SRP_IDT2_mod_113nt	132	128	A	0	0	0	0	0.101896
Ecoli_SRP_IDT2_mod_113nt	132	129	A	0	0	0	0	0.101896
Ecoli_SRP_IDT2_mod_113nt	132	130	G	0	0	0	0	0.101896
Ecoli_SRP_IDT2_mod_113nt	132	131	G	0	0	0	0	0.101896
