sequence	rt_start	five_prime_offset	nucleotide	treated_mods	untreated_mods	beta	theta	c
Ecoli_SRP_IDT2_mod_90nt	109	0	*	2731	2309	-	-	0.22563
Ecoli_SRP_IDT2_mod_90nt	109	1	A	188	69	0.162588	0.164553	0.22563
Ecoli_SRP_IDT2_mod_90nt	109	2	T	64	13	0.071845	0.0719609	0.22563
Ecoli_SRP_IDT2_mod_90nt	109	3	C	5	3	0.00187695	0.00186519	0.22563
Ecoli_SRP_IDT2_mod_90nt	109	4	G	4	0	0.00596379	0.00592915	0.22563
Ecoli_SRP_IDT2_mod_90nt	109	5	G	1	1	0	0	0.22563
Ecoli_SRP_IDT2_mod_90nt	109	6	G	9	9	0	0	0.22563
Ecoli_SRP_IDT2_mod_90nt	109	7	G	10	4	0.00741264	0.00737077	0.22563
Ecoli_SRP_IDT2_mod_90nt	109	8	G	25	17	0.00548747	0.00545531	0.22563
Ecoli_SRP_IDT2_mod_90nt	109	9	C	8	5	0.00254638	0.00253062	0.22563
Ecoli_SRP_IDT2_mod_90nt	109	10	T	19	9	0.0112429	0.0111842	0.22563
Ecoli_SRP_IDT2_mod_90nt	109	11	C	43	15	0.0346826	0.0345927	0.22563
Ecoli_SRP_IDT2_mod_90nt	109	12	T	20	7	0.0158883	0.0158136	0.22563
Ecoli_SRP_IDT2_mod_90nt	109	13	G	7	6	0	0	0.22563
Ecoli_SRP_IDT2_mod_90nt	109	14	T	20	7	0.01571	0.0156358	0.22563
Ecoli_SRP_IDT2_mod_90nt	109	15	T	33	8	0.0319153	0.0318226	0.22563
Ecoli_SRP_IDT2_mod_90nt	109	16	G	10	8	0	0	0.22563
Ecoli_SRP_IDT2_mod_90nt	109	17	G	589	420	0.0586152	0.0586218	0.22563
Ecoli_SRP_IDT2_mod_90nt	109	18	T	101	62	0.0233387	0.0232485	0.22563
Ecoli_SRP_IDT2_mod_90nt	109	19	T	7	6	0	0	0.22563
Ecoli_SRP_IDT2_mod_90nt	109	20	C	8	3	0.00466125	0.0046335	0.22563
Ecoli_SRP_IDT2_mod_90nt	109	21	T	5	5	0	0	0.22563
Ecoli_SRP_IDT2_mod_90nt	109	22	C	11	4	0.00656527	0.00652758	0.22563
Ecoli_SRP_IDT2_mod_90nt	109	23	C	16	12	0.000312497	0.000310485	0.22563
Ecoli_SRP_IDT2_mod_90nt	109	24	C	24	13	0.0078489	0.00780496	0.22563
Ecoli_SRP_IDT2_mod_90nt	109	25	G	19	21	0	0	0.22563
Ecoli_SRP_IDT2_mod_90nt	109	26	C	43	30	0.00410757	0.00408286	0.22563
Ecoli_SRP_IDT2_mod_90nt	109	27	A	21	11	0.00726078	0.00721965	0.22563
Ecoli_SRP_IDT2_mod_90nt	109	28	A	8	3	0.00447317	0.00444645	0.22563
Ecoli_SRP_IDT2_mod_90nt	109	29	C	41	22	0.013174	0.013108	0.22563
Ecoli_SRP_IDT2_mod_90nt	109	30	G	3	1	0.00183264	0.00182115	0.22563
Ecoli_SRP_IDT2_mod_90nt	109	31	C	83	40	0.0323012	0.0322089	0.22563
Ecoli_SRP_IDT2_mod_90nt	109	32	T	81	42	0.0264029	0.0263099	0.22563
Ecoli_SRP_IDT2_mod_90nt	109	33	A	6	1	0.00487993	0.00485099	0.22563
Ecoli_SRP_IDT2_mod_90nt	109	34	C	9	11	0	0	0.22563
Ecoli_SRP_IDT2_mod_90nt	109	35	T	29	7	0.0203767	0.0202912	0.22563
Ecoli_SRP_IDT2_mod_90nt	109	36	C	21	8	0.0105907	0.0105347	0.22563
Ecoli_SRP_IDT2_mod_90nt	109	37	T	52	15	0.0324486	0.0323563	0.22563
Ecoli_SRP_IDT2_mod_90nt	109	38	G	31	19	0.00531327	0.00528202	0.22563
Ecoli_SRP_IDT2_mod_90nt	109	39	T	4	0	0.0040471	0.00402273	0.22563
Ecoli_SRP_IDT2_mod_90nt	109	40	T	33	6	0.0249561	0.0248642	0.22563
Ecoli_SRP_IDT2_mod_90nt	109	41	T	160	54	0.083596	0.0838429	0.22563
Ecoli_SRP_IDT2_mod_90nt	109	42	A	67	20	0.0374145	0.037329	0.22563
Ecoli_SRP_IDT2_mod_90nt	109	43	C	31	25	0	0	0.22563
Ecoli_SRP_IDT2_mod_90nt	109	44	C	123	41	0.0605778	0.0605981	0.22563
Ecoli_SRP_IDT2_mod_90nt	109	45	A	16	3	0.0108175	0.0107606	0.22563
Ecoli_SRP_IDT2_mod_90nt	109	46	G	9	9	0	0	0.22563
Ecoli_SRP_IDT2_mod_90nt	109	47	G	36	14	0.0146698	0.0145988	0.22563
Ecoli_SRP_IDT2_mod_90nt	109	48	T	6	9	0	0	0.22563
Ecoli_SRP_IDT2_mod_90nt	109	49	C	43	16	0.0182393	0.0181584	0.22563
Ecoli_SRP_IDT2_mod_90nt	109	50	A	14	7	0.00358052	0.00355877	0.22563
Ecoli_SRP_IDT2_mod_90nt	109	51	G	5	0	0.00450416	0.00447726	0.22563
Ecoli_SRP_IDT2_mod_90nt	109	52	G	12	10	0	0	0.22563
Ecoli_SRP_IDT2_mod_90nt	109	53	T	3	1	0.00140583	0.00139695	0.22563
Ecoli_SRP_IDT2_mod_90nt	109	54	C	11	0	0.00985739	0.00980442	0.22563
Ecoli_SRP_IDT2_mod_90nt	109	55	C	26	7	0.0142027	0.0141333	0.22563
Ecoli_SRP_IDT2_mod_90nt	109	56	G	3	2	0.000101733	0.000101076	0.22563
Ecoli_SRP_IDT2_mod_90nt	109	57	G	48	10	0.0296253	0.0295317	0.22563
Ecoli_SRP_IDT2_mod_90nt	109	58	A	19	6	0.00904183	0.00899241	0.22563
Ecoli_SRP_IDT2_mod_90nt	109	59	A	7	1	0.00486782	0.00483895	0.22563
Ecoli_SRP_IDT2_mod_90nt	109	60	G	3	2	7.52381e-05	7.47517e-05	0.22563
Ecoli_SRP_IDT2_mod_90nt	109	61	G	30	15	0.00710287	0.00706251	0.22563
Ecoli_SRP_IDT2_mod_90nt	109	62	A	15	6	0.00542994	0.00539808	0.22563
Ecoli_SRP_IDT2_mod_90nt	109	63	A	8	4	0.00187137	0.00185964	0.22563
Ecoli_SRP_IDT2_mod_90nt	109	64	G	17	14	0	0	0.22563
Ecoli_SRP_IDT2_mod_90nt	109	65	C	19	15	0	0	0.22563
Ecoli_SRP_IDT2_mod_90nt	109	66	A	12	8	0.000274885	0.000273114	0.22563
Ecoli_SRP_IDT2_mod_90nt	109	67	G	23	11	0.00594303	0.0059085	0.22563
Ecoli_SRP_IDT2_mod_90nt	109	68	C	12	9	0	0	0.22563
Ecoli_SRP_IDT2_mod_90nt	109	69	C	29	13	0.00849599	0.00844904	0.22563
Ecoli_SRP_IDT2_mod_90nt	109	70	A	6	0	0.00509334	0.00506326	0.22563
Ecoli_SRP_IDT2_mod_90nt	109	71	A	1	1	0	0	0.22563
Ecoli_SRP_IDT2_mod_90nt	109	72	G	0	0	0	0	0.22563
Ecoli_SRP_IDT2_mod_90nt	109	73	G	1	0	0.000848567	0.000843154	0.22563
Ecoli_SRP_IDT2_mod_90nt	109	74	C	0	0	0	0	0.22563
Ecoli_SRP_IDT2_mod_90nt	109	75	A	0	0	0	0	0.22563
Ecoli_SRP_IDT2_mod_90nt	109	76	G	0	1	0	0	0.22563
Ecoli_SRP_IDT2_mod_90nt	109	77	A	0	0	0	0	0.22563
Ecoli_SRP_IDT2_mod_90nt	109	78	T	0	0	0	0	0.22563
Ecoli_SRP_IDT2_mod_90nt	109	79	G	0	0	0	0	0.22563
Ecoli_SRP_IDT2_mod_90nt	109	80	A	0	0	0	0	0.22563
Ecoli_SRP_IDT2_mod_90nt	109	81	C	0	1	0	0	0.22563
Ecoli_SRP_IDT2_mod_90nt	109	82	G	1	0	0.000848406	0.000842994	0.22563
Ecoli_SRP_IDT2_mod_90nt	109	83	C	1	0	0.000848245	0.000842833	0.22563
Ecoli_SRP_IDT2_mod_90nt	109	84	G	7	7	0	0	0.22563
Ecoli_SRP_IDT2_mod_90nt	109	85	T	3	7	0	0	0.22563
Ecoli_SRP_IDT2_mod_90nt	109	86	G	11	13	0	0	0.22563
Ecoli_SRP_IDT2_mod_90nt	109	87	T	0	1	0	0	0.22563
Ecoli_SRP_IDT2_mod_90nt	109	88	G	19	37	0	0	0.22563
Ecoli_SRP_IDT2_mod_90nt	109	89	C	44	121	0	0	0.22563
Ecoli_SRP_IDT2_mod_90nt	109	90	C	1220	2467	0	0	0.22563
Ecoli_SRP_IDT2_mod_90nt	109	91	C	6	15	0	0	0.22563
Ecoli_SRP_IDT2_mod_90nt	109	92	T	18	68	0	0	0.22563
Ecoli_SRP_IDT2_mod_90nt	109	93	G	43	78	0	0	0.22563
Ecoli_SRP_IDT2_mod_90nt	109	94	A	0	2	0	0	0.22563
Ecoli_SRP_IDT2_mod_90nt	109	95	C	0	1	0	0	0.22563
Ecoli_SRP_IDT2_mod_90nt	109	96	T	0	0	0	0	0.22563
Ecoli_SRP_IDT2_mod_90nt	109	97	C	0	0	0	0	0.22563
Ecoli_SRP_IDT2_mod_90nt	109	98	G	0	0	0	0	0.22563
Ecoli_SRP_IDT2_mod_90nt	109	99	G	0	0	0	0	0.22563
Ecoli_SRP_IDT2_mod_90nt	109	100	G	0	0	0	0	0.22563
Ecoli_SRP_IDT2_mod_90nt	109	101	C	0	0	0	0	0.22563
Ecoli_SRP_IDT2_mod_90nt	109	102	A	0	0	0	0	0.22563
Ecoli_SRP_IDT2_mod_90nt	109	103	C	0	0	0	0	0.22563
Ecoli_SRP_IDT2_mod_90nt	109	104	C	0	0	0	0	0.22563
Ecoli_SRP_IDT2_mod_90nt	109	105	A	0	0	0	0	0.22563
Ecoli_SRP_IDT2_mod_90nt	109	106	A	0	0	0	0	0.22563
Ecoli_SRP_IDT2_mod_90nt	109	107	G	0	0	0	0	0.22563
Ecoli_SRP_IDT2_mod_90nt	109	108	G	0	0	0	0	0.22563
