sequence	rt_start	five_prime_offset	nucleotide	treated_mods	untreated_mods	beta	theta	c
Ecoli_SRP_IDT2_mod_105nt	124	0	*	8416	7168	-	-	0.229936
Ecoli_SRP_IDT2_mod_105nt	124	1	A	474	122	0.162844	0.164896	0.229936
Ecoli_SRP_IDT2_mod_105nt	124	2	T	128	31	0.0437763	0.0437171	0.229936
Ecoli_SRP_IDT2_mod_105nt	124	3	C	24	4	0.00923233	0.00918334	0.229936
Ecoli_SRP_IDT2_mod_105nt	124	4	G	20	4	0.00727497	0.00723474	0.229936
Ecoli_SRP_IDT2_mod_105nt	124	5	G	1	1	0	0	0.229936
Ecoli_SRP_IDT2_mod_105nt	124	6	G	40	5	0.0162601	0.0161868	0.229936
Ecoli_SRP_IDT2_mod_105nt	124	7	G	29	6	0.0103304	0.0102769	0.229936
Ecoli_SRP_IDT2_mod_105nt	124	8	G	51	33	0.0047419	0.00471432	0.229936
Ecoli_SRP_IDT2_mod_105nt	124	9	C	15	17	0	0	0.229936
Ecoli_SRP_IDT2_mod_105nt	124	10	T	40	21	0.00656943	0.00653258	0.229936
Ecoli_SRP_IDT2_mod_105nt	124	11	C	122	40	0.0337362	0.0336516	0.229936
Ecoli_SRP_IDT2_mod_105nt	124	12	T	46	11	0.0149758	0.0149061	0.229936
Ecoli_SRP_IDT2_mod_105nt	124	13	G	15	5	0.00404106	0.00401724	0.229936
Ecoli_SRP_IDT2_mod_105nt	124	14	T	124	16	0.0476045	0.0475611	0.229936
Ecoli_SRP_IDT2_mod_105nt	124	15	T	163	14	0.0654383	0.0655134	0.229936
Ecoli_SRP_IDT2_mod_105nt	124	16	G	48	18	0.0110788	0.0110223	0.229936
Ecoli_SRP_IDT2_mod_105nt	124	17	G	1361	1012	0.0186589	0.0185799	0.229936
Ecoli_SRP_IDT2_mod_105nt	124	18	T	349	115	0.0759964	0.0761766	0.229936
Ecoli_SRP_IDT2_mod_105nt	124	19	T	53	7	0.0166098	0.0165356	0.229936
Ecoli_SRP_IDT2_mod_105nt	124	20	C	19	7	0.00367137	0.00364957	0.229936
Ecoli_SRP_IDT2_mod_105nt	124	21	T	14	9	0.000759602	0.00075484	0.229936
Ecoli_SRP_IDT2_mod_105nt	124	22	C	18	15	0	0	0.229936
Ecoli_SRP_IDT2_mod_105nt	124	23	C	37	21	0.00339804	0.00337775	0.229936
Ecoli_SRP_IDT2_mod_105nt	124	24	C	54	32	0.00424788	0.00422293	0.229936
Ecoli_SRP_IDT2_mod_105nt	124	25	G	53	32	0.00383952	0.00381679	0.229936
Ecoli_SRP_IDT2_mod_105nt	124	26	C	113	56	0.0141246	0.0140576	0.229936
Ecoli_SRP_IDT2_mod_105nt	124	27	A	33	15	0.00475719	0.00472952	0.229936
Ecoli_SRP_IDT2_mod_105nt	124	28	A	13	4	0.00281332	0.00279634	0.229936
Ecoli_SRP_IDT2_mod_105nt	124	29	C	75	30	0.0127157	0.0126533	0.229936
Ecoli_SRP_IDT2_mod_105nt	124	30	G	11	3	0.00254706	0.00253161	0.229936
Ecoli_SRP_IDT2_mod_105nt	124	31	C	196	87	0.0283585	0.02827	0.229936
Ecoli_SRP_IDT2_mod_105nt	124	32	T	190	66	0.0356229	0.0355414	0.229936
Ecoli_SRP_IDT2_mod_105nt	124	33	A	14	10	0.00011487	0.000114141	0.229936
Ecoli_SRP_IDT2_mod_105nt	124	34	C	13	7	0.0012123	0.00120476	0.229936
Ecoli_SRP_IDT2_mod_105nt	124	35	T	29	13	0.0039587	0.00393532	0.229936
Ecoli_SRP_IDT2_mod_105nt	124	36	C	36	19	0.00351389	0.00349296	0.229936
Ecoli_SRP_IDT2_mod_105nt	124	37	T	71	33	0.00902087	0.00897278	0.229936
Ecoli_SRP_IDT2_mod_105nt	124	38	G	42	20	0.00506983	0.00504053	0.229936
Ecoli_SRP_IDT2_mod_105nt	124	39	T	7	4	0.0005232	0.000519906	0.229936
Ecoli_SRP_IDT2_mod_105nt	124	40	T	40	12	0.00816551	0.00812119	0.229936
Ecoli_SRP_IDT2_mod_105nt	124	41	T	300	64	0.0718925	0.0720288	0.229936
Ecoli_SRP_IDT2_mod_105nt	124	42	A	97	20	0.0232385	0.0231523	0.229936
Ecoli_SRP_IDT2_mod_105nt	124	43	C	50	29	0.00307673	0.00305825	0.229936
Ecoli_SRP_IDT2_mod_105nt	124	44	C	172	48	0.0345653	0.0344819	0.229936
Ecoli_SRP_IDT2_mod_105nt	124	45	A	31	3	0.00883481	0.00878753	0.229936
Ecoli_SRP_IDT2_mod_105nt	124	46	G	19	11	0.00110416	0.00109728	0.229936
Ecoli_SRP_IDT2_mod_105nt	124	47	G	52	33	0.00165245	0.00164225	0.229936
Ecoli_SRP_IDT2_mod_105nt	124	48	T	20	11	0.00142311	0.0014143	0.229936
Ecoli_SRP_IDT2_mod_105nt	124	49	C	60	29	0.0061065	0.00607192	0.229936
Ecoli_SRP_IDT2_mod_105nt	124	50	A	17	4	0.00368499	0.00366311	0.229936
Ecoli_SRP_IDT2_mod_105nt	124	51	G	13	5	0.00191074	0.00189901	0.229936
Ecoli_SRP_IDT2_mod_105nt	124	52	G	22	12	0.00158202	0.00157225	0.229936
Ecoli_SRP_IDT2_mod_105nt	124	53	T	5	4	0	0	0.229936
Ecoli_SRP_IDT2_mod_105nt	124	54	C	11	2	0.00264662	0.00263059	0.229936
Ecoli_SRP_IDT2_mod_105nt	124	55	C	44	4	0.0124022	0.0123409	0.229936
Ecoli_SRP_IDT2_mod_105nt	124	56	G	24	4	0.00590706	0.00587348	0.229936
Ecoli_SRP_IDT2_mod_105nt	124	57	G	145	27	0.0339938	0.0339096	0.229936
Ecoli_SRP_IDT2_mod_105nt	124	58	A	54	18	0.00891067	0.00886306	0.229936
Ecoli_SRP_IDT2_mod_105nt	124	59	A	20	1	0.00590357	0.00587001	0.229936
Ecoli_SRP_IDT2_mod_105nt	124	60	G	21	10	0.00206018	0.00204757	0.229936
Ecoli_SRP_IDT2_mod_105nt	124	61	G	81	34	0.009989	0.00993686	0.229936
Ecoli_SRP_IDT2_mod_105nt	124	62	A	32	14	0.00366257	0.00364081	0.229936
Ecoli_SRP_IDT2_mod_105nt	124	63	A	16	5	0.00274378	0.0027272	0.229936
Ecoli_SRP_IDT2_mod_105nt	124	64	G	40	16	0.00523453	0.00520437	0.229936
Ecoli_SRP_IDT2_mod_105nt	124	65	C	47	32	9.21896e-05	9.16047e-05	0.229936
Ecoli_SRP_IDT2_mod_105nt	124	66	A	44	10	0.00917044	0.00912171	0.229936
Ecoli_SRP_IDT2_mod_105nt	124	67	G	45	17	0.00625957	0.00622424	0.229936
Ecoli_SRP_IDT2_mod_105nt	124	68	C	17	14	0	0	0.229936
Ecoli_SRP_IDT2_mod_105nt	124	69	C	30	24	0	0	0.229936
Ecoli_SRP_IDT2_mod_105nt	124	70	A	10	4	0.00128329	0.00127532	0.229936
Ecoli_SRP_IDT2_mod_105nt	124	71	A	12	4	0.00190039	0.00188872	0.229936
Ecoli_SRP_IDT2_mod_105nt	124	72	G	9	5	0.000518006	0.000514744	0.229936
Ecoli_SRP_IDT2_mod_105nt	124	73	G	27	21	0	0	0.229936
Ecoli_SRP_IDT2_mod_105nt	124	74	C	44	25	0.00227114	0.00225729	0.229936
Ecoli_SRP_IDT2_mod_105nt	124	75	A	3	5	0	0	0.229936
Ecoli_SRP_IDT2_mod_105nt	124	76	G	45	37	0	0	0.229936
Ecoli_SRP_IDT2_mod_105nt	124	77	A	2	4	0	0	0.229936
Ecoli_SRP_IDT2_mod_105nt	124	78	T	2	1	0.000164389	0.000163348	0.229936
Ecoli_SRP_IDT2_mod_105nt	124	79	G	10	8	0	0	0.229936
Ecoli_SRP_IDT2_mod_105nt	124	80	A	8	0	0.00244893	0.00243404	0.229936
Ecoli_SRP_IDT2_mod_105nt	124	81	C	23	10	0.00255392	0.00253843	0.229936
Ecoli_SRP_IDT2_mod_105nt	124	82	G	13	7	0.000837721	0.000832476	0.229936
Ecoli_SRP_IDT2_mod_105nt	124	83	C	20	10	0.00162982	0.00161977	0.229936
Ecoli_SRP_IDT2_mod_105nt	124	84	G	15	11	0	0	0.229936
Ecoli_SRP_IDT2_mod_105nt	124	85	T	11	6	0.000670969	0.000666755	0.229936
Ecoli_SRP_IDT2_mod_105nt	124	86	G	28	16	0.00137964	0.00137109	0.229936
Ecoli_SRP_IDT2_mod_105nt	124	87	T	15	2	0.00366182	0.00364007	0.229936
Ecoli_SRP_IDT2_mod_105nt	124	88	G	25	4	0.00579479	0.00576177	0.229936
Ecoli_SRP_IDT2_mod_105nt	124	89	C	15	6	0.0018706	0.00185911	0.229936
Ecoli_SRP_IDT2_mod_105nt	124	90	C	6	0	0.00181499	0.00180383	0.229936
Ecoli_SRP_IDT2_mod_105nt	124	91	G	0	0	0	0	0.229936
Ecoli_SRP_IDT2_mod_105nt	124	92	G	3	0	0.000907306	0.000901633	0.229936
Ecoli_SRP_IDT2_mod_105nt	124	93	G	40	31	0	0	0.229936
Ecoli_SRP_IDT2_mod_105nt	124	94	A	11	1	0.00287186	0.00285454	0.229936
Ecoli_SRP_IDT2_mod_105nt	124	95	T	1	1	0	0	0.229936
Ecoli_SRP_IDT2_mod_105nt	124	96	G	6	9	0	0	0.229936
Ecoli_SRP_IDT2_mod_105nt	124	97	T	17	8	0.00157431	0.00156459	0.229936
Ecoli_SRP_IDT2_mod_105nt	124	98	A	0	3	0	0	0.229936
Ecoli_SRP_IDT2_mod_105nt	124	99	G	9	21	0	0	0.229936
Ecoli_SRP_IDT2_mod_105nt	124	100	C	3	8	0	0	0.229936
Ecoli_SRP_IDT2_mod_105nt	124	101	T	4	11	0	0	0.229936
Ecoli_SRP_IDT2_mod_105nt	124	102	G	2	3	0	0	0.229936
Ecoli_SRP_IDT2_mod_105nt	124	103	G	21	124	0	0	0.229936
Ecoli_SRP_IDT2_mod_105nt	124	104	C	6582	23007	0	0	0.229936
Ecoli_SRP_IDT2_mod_105nt	124	105	A	1290	2405	0	0	0.229936
Ecoli_SRP_IDT2_mod_105nt	124	106	C	5	12	0	0	0.229936
Ecoli_SRP_IDT2_mod_105nt	124	107	T	24	61	0	0	0.229936
Ecoli_SRP_IDT2_mod_105nt	124	108	G	33	71	0	0	0.229936
Ecoli_SRP_IDT2_mod_105nt	124	109	A	1	0	0.000194345	0.000193114	0.229936
Ecoli_SRP_IDT2_mod_105nt	124	110	C	0	0	0	0	0.229936
Ecoli_SRP_IDT2_mod_105nt	124	111	T	0	0	0	0	0.229936
Ecoli_SRP_IDT2_mod_105nt	124	112	C	0	0	0	0	0.229936
Ecoli_SRP_IDT2_mod_105nt	124	113	G	0	0	0	0	0.229936
Ecoli_SRP_IDT2_mod_105nt	124	114	G	0	0	0	0	0.229936
Ecoli_SRP_IDT2_mod_105nt	124	115	G	0	0	0	0	0.229936
Ecoli_SRP_IDT2_mod_105nt	124	116	C	0	0	0	0	0.229936
Ecoli_SRP_IDT2_mod_105nt	124	117	A	0	0	0	0	0.229936
Ecoli_SRP_IDT2_mod_105nt	124	118	C	0	0	0	0	0.229936
Ecoli_SRP_IDT2_mod_105nt	124	119	C	0	0	0	0	0.229936
Ecoli_SRP_IDT2_mod_105nt	124	120	A	0	0	0	0	0.229936
Ecoli_SRP_IDT2_mod_105nt	124	121	A	0	0	0	0	0.229936
Ecoli_SRP_IDT2_mod_105nt	124	122	G	0	0	0	0	0.229936
Ecoli_SRP_IDT2_mod_105nt	124	123	G	0	0	0	0	0.229936
