sequence	rt_start	five_prime_offset	nucleotide	treated_mods	untreated_mods	beta	theta	c
Ecoli_SRP_IDT2_mod_63nt	82	0	*	15819	9796	-	-	0.132834
Ecoli_SRP_IDT2_mod_63nt	82	1	A	768	183	0.215761	0.217556	0.132834
Ecoli_SRP_IDT2_mod_63nt	82	2	T	101	28	0.0247181	0.0246073	0.132834
Ecoli_SRP_IDT2_mod_63nt	82	3	C	11	0	0.00498948	0.00496062	0.132834
Ecoli_SRP_IDT2_mod_63nt	82	4	G	9	3	0.00181057	0.00179972	0.132834
Ecoli_SRP_IDT2_mod_63nt	82	5	G	2	0	0.000906581	0.000901095	0.132834
Ecoli_SRP_IDT2_mod_63nt	82	6	G	23	9	0.00361049	0.00358928	0.132834
Ecoli_SRP_IDT2_mod_63nt	82	7	G	19	5	0.00481515	0.00478725	0.132834
Ecoli_SRP_IDT2_mod_63nt	82	8	G	53	21	0.0080703	0.00802526	0.132834
Ecoli_SRP_IDT2_mod_63nt	82	9	C	22	9	0.00312543	0.00310697	0.132834
Ecoli_SRP_IDT2_mod_63nt	82	10	T	61	22	0.0108448	0.0107862	0.132834
Ecoli_SRP_IDT2_mod_63nt	82	11	C	122	35	0.0282041	0.0280841	0.132834
Ecoli_SRP_IDT2_mod_63nt	82	12	T	66	10	0.0218136	0.0217115	0.132834
Ecoli_SRP_IDT2_mod_63nt	82	13	G	40	13	0.00799516	0.0079505	0.132834
Ecoli_SRP_IDT2_mod_63nt	82	14	T	94	14	0.0309645	0.0308383	0.132834
Ecoli_SRP_IDT2_mod_63nt	82	15	T	61	19	0.012621	0.0125544	0.132834
Ecoli_SRP_IDT2_mod_63nt	82	16	G	37	23	0	0	0.132834
Ecoli_SRP_IDT2_mod_63nt	82	17	G	2693	1344	0.155337	0.155993	0.132834
Ecoli_SRP_IDT2_mod_63nt	82	18	T	468	156	0.0730775	0.0729836	0.132834
Ecoli_SRP_IDT2_mod_63nt	82	19	T	44	9	0.0104281	0.0103715	0.132834
Ecoli_SRP_IDT2_mod_63nt	82	20	C	15	8	0.000358953	0.000356768	0.132834
Ecoli_SRP_IDT2_mod_63nt	82	21	T	17	5	0.00303517	0.00301723	0.132834
Ecoli_SRP_IDT2_mod_63nt	82	22	C	17	9	0.000446596	0.00044388	0.132834
Ecoli_SRP_IDT2_mod_63nt	82	23	C	35	11	0.00577467	0.00574157	0.132834
Ecoli_SRP_IDT2_mod_63nt	82	24	C	55	30	0.00085502	0.000849843	0.132834
Ecoli_SRP_IDT2_mod_63nt	82	25	G	72	36	0.00321281	0.00319386	0.132834
Ecoli_SRP_IDT2_mod_63nt	82	26	C	105	48	0.00752201	0.00747976	0.132834
Ecoli_SRP_IDT2_mod_63nt	82	27	A	67	15	0.014726	0.0146503	0.132834
Ecoli_SRP_IDT2_mod_63nt	82	28	A	38	16	0.0035503	0.00352943	0.132834
Ecoli_SRP_IDT2_mod_63nt	82	29	C	87	26	0.0148359	0.0147597	0.132834
Ecoli_SRP_IDT2_mod_63nt	82	30	G	14	5	0.00186162	0.00185047	0.132834
Ecoli_SRP_IDT2_mod_63nt	82	31	C	289	77	0.0543409	0.0542035	0.132834
Ecoli_SRP_IDT2_mod_63nt	82	32	T	220	55	0.0429432	0.0428022	0.132834
Ecoli_SRP_IDT2_mod_63nt	82	33	A	33	10	0.00530299	0.00527243	0.132834
Ecoli_SRP_IDT2_mod_63nt	82	34	C	33	2	0.0103115	0.0102555	0.132834
Ecoli_SRP_IDT2_mod_63nt	82	35	T	34	11	0.0049961	0.00496721	0.132834
Ecoli_SRP_IDT2_mod_63nt	82	36	C	44	16	0.00534071	0.00530995	0.132834
Ecoli_SRP_IDT2_mod_63nt	82	37	T	110	11	0.0313603	0.0312334	0.132834
Ecoli_SRP_IDT2_mod_63nt	82	38	G	93	19	0.0203258	0.0202287	0.132834
Ecoli_SRP_IDT2_mod_63nt	82	39	T	11	3	0.00192855	0.00191701	0.132834
Ecoli_SRP_IDT2_mod_63nt	82	40	T	108	5	0.0340554	0.0339236	0.132834
Ecoli_SRP_IDT2_mod_63nt	82	41	T	220	31	0.0557745	0.0556387	0.132834
Ecoli_SRP_IDT2_mod_63nt	82	42	A	44	7	0.0106066	0.0105492	0.132834
Ecoli_SRP_IDT2_mod_63nt	82	43	C	4	3	0	0	0.132834
Ecoli_SRP_IDT2_mod_63nt	82	44	C	31	11	0.00368178	0.00366017	0.132834
Ecoli_SRP_IDT2_mod_63nt	82	45	A	1	1	0	0	0.132834
Ecoli_SRP_IDT2_mod_63nt	82	46	G	13	1	0.00378904	0.00376683	0.132834
Ecoli_SRP_IDT2_mod_63nt	82	47	G	118	14	0.0311615	0.0310349	0.132834
Ecoli_SRP_IDT2_mod_63nt	82	48	T	4	2	0.000106849	0.000106197	0.132834
Ecoli_SRP_IDT2_mod_63nt	82	49	C	20	3	0.00488046	0.0048522	0.132834
Ecoli_SRP_IDT2_mod_63nt	82	50	A	1	0	0.000337153	0.0003351	0.132834
Ecoli_SRP_IDT2_mod_63nt	82	51	G	3	1	0.000390039	0.000387665	0.132834
Ecoli_SRP_IDT2_mod_63nt	82	52	G	11	3	0.00184333	0.00183229	0.132834
Ecoli_SRP_IDT2_mod_63nt	82	53	T	3	1	0.000389613	0.000387242	0.132834
Ecoli_SRP_IDT2_mod_63nt	82	54	C	1	0	0.000336883	0.000334832	0.132834
Ecoli_SRP_IDT2_mod_63nt	82	55	C	1	0	0.000336868	0.000334817	0.132834
Ecoli_SRP_IDT2_mod_63nt	82	56	G	0	2	0	0	0.132834
Ecoli_SRP_IDT2_mod_63nt	82	57	G	3	9	0	0	0.132834
Ecoli_SRP_IDT2_mod_63nt	82	58	A	7	5	0	0	0.132834
Ecoli_SRP_IDT2_mod_63nt	82	59	A	17	17	0	0	0.132834
Ecoli_SRP_IDT2_mod_63nt	82	60	G	1	5	0	0	0.132834
Ecoli_SRP_IDT2_mod_63nt	82	61	G	48	155	0	0	0.132834
Ecoli_SRP_IDT2_mod_63nt	82	62	A	6788	23222	0	0	0.132834
Ecoli_SRP_IDT2_mod_63nt	82	63	A	1181	2340	0	0	0.132834
Ecoli_SRP_IDT2_mod_63nt	82	64	C	7	8	0.000139937	0.000139083	0.132834
Ecoli_SRP_IDT2_mod_63nt	82	65	T	16	69	0	0	0.132834
Ecoli_SRP_IDT2_mod_63nt	82	66	G	41	75	0	0	0.132834
Ecoli_SRP_IDT2_mod_63nt	82	67	A	1	1	4.87842e-05	4.84862e-05	0.132834
Ecoli_SRP_IDT2_mod_63nt	82	68	C	0	0	0	0	0.132834
Ecoli_SRP_IDT2_mod_63nt	82	69	T	0	0	0	0	0.132834
Ecoli_SRP_IDT2_mod_63nt	82	70	C	0	0	0	0	0.132834
Ecoli_SRP_IDT2_mod_63nt	82	71	G	0	0	0	0	0.132834
Ecoli_SRP_IDT2_mod_63nt	82	72	G	0	0	0	0	0.132834
Ecoli_SRP_IDT2_mod_63nt	82	73	G	0	0	0	0	0.132834
Ecoli_SRP_IDT2_mod_63nt	82	74	C	0	0	0	0	0.132834
Ecoli_SRP_IDT2_mod_63nt	82	75	A	0	0	0	0	0.132834
Ecoli_SRP_IDT2_mod_63nt	82	76	C	0	0	0	0	0.132834
Ecoli_SRP_IDT2_mod_63nt	82	77	C	0	0	0	0	0.132834
Ecoli_SRP_IDT2_mod_63nt	82	78	A	0	0	0	0	0.132834
Ecoli_SRP_IDT2_mod_63nt	82	79	A	0	0	0	0	0.132834
Ecoli_SRP_IDT2_mod_63nt	82	80	G	0	0	0	0	0.132834
Ecoli_SRP_IDT2_mod_63nt	82	81	G	0	0	0	0	0.132834
