sequence	rt_start	five_prime_offset	nucleotide	treated_mods	untreated_mods	beta	theta	c
Ecoli_SRP_IDT2_mod_88nt	107	0	*	4426	2673	-	-	0.139672
Ecoli_SRP_IDT2_mod_88nt	107	1	A	227	48	0.22841	0.230668	0.139672
Ecoli_SRP_IDT2_mod_88nt	107	2	T	77	20	0.0651884	0.0650786	0.139672
Ecoli_SRP_IDT2_mod_88nt	107	3	C	10	1	0.0125762	0.0125091	0.139672
Ecoli_SRP_IDT2_mod_88nt	107	4	G	5	3	0	0	0.139672
Ecoli_SRP_IDT2_mod_88nt	107	5	G	0	0	0	0	0.139672
Ecoli_SRP_IDT2_mod_88nt	107	6	G	6	3	0.00123465	0.00122709	0.139672
Ecoli_SRP_IDT2_mod_88nt	107	7	G	4	4	0	0	0.139672
Ecoli_SRP_IDT2_mod_88nt	107	8	G	15	9	0	0	0.139672
Ecoli_SRP_IDT2_mod_88nt	107	9	C	7	6	0	0	0.139672
Ecoli_SRP_IDT2_mod_88nt	107	10	T	9	3	0.00575135	0.00571793	0.139672
Ecoli_SRP_IDT2_mod_88nt	107	11	C	42	17	0.0188427	0.0187502	0.139672
Ecoli_SRP_IDT2_mod_88nt	107	12	T	11	2	0.0112187	0.0111577	0.139672
Ecoli_SRP_IDT2_mod_88nt	107	13	G	9	1	0.0107961	0.0107371	0.139672
Ecoli_SRP_IDT2_mod_88nt	107	14	T	44	7	0.046885	0.0467462	0.139672
Ecoli_SRP_IDT2_mod_88nt	107	15	T	32	6	0.0314655	0.0313386	0.139672
Ecoli_SRP_IDT2_mod_88nt	107	16	G	10	1	0.0120364	0.0119717	0.139672
Ecoli_SRP_IDT2_mod_88nt	107	17	G	571	377	0	0	0.139672
Ecoli_SRP_IDT2_mod_88nt	107	18	T	91	39	0.0302632	0.0301387	0.139672
Ecoli_SRP_IDT2_mod_88nt	107	19	T	10	6	0	0	0.139672
Ecoli_SRP_IDT2_mod_88nt	107	20	C	2	4	0	0	0.139672
Ecoli_SRP_IDT2_mod_88nt	107	21	T	9	6	0	0	0.139672
Ecoli_SRP_IDT2_mod_88nt	107	22	C	13	4	0.00775057	0.0077066	0.139672
Ecoli_SRP_IDT2_mod_88nt	107	23	C	20	13	0	0	0.139672
Ecoli_SRP_IDT2_mod_88nt	107	24	C	28	13	0.00687806	0.00683862	0.139672
Ecoli_SRP_IDT2_mod_88nt	107	25	G	16	13	0	0	0.139672
Ecoli_SRP_IDT2_mod_88nt	107	26	C	38	25	0	0	0.139672
Ecoli_SRP_IDT2_mod_88nt	107	27	A	32	10	0.0183125	0.018222	0.139672
Ecoli_SRP_IDT2_mod_88nt	107	28	A	7	4	5.34908e-05	5.31589e-05	0.139672
Ecoli_SRP_IDT2_mod_88nt	107	29	C	38	19	0.00614308	0.00610755	0.139672
Ecoli_SRP_IDT2_mod_88nt	107	30	G	4	2	0.000642516	0.000638556	0.139672
Ecoli_SRP_IDT2_mod_88nt	107	31	C	87	47	0.00632004	0.00628356	0.139672
Ecoli_SRP_IDT2_mod_88nt	107	32	T	99	35	0.0456514	0.0455124	0.139672
Ecoli_SRP_IDT2_mod_88nt	107	33	A	10	6	0	0	0.139672
Ecoli_SRP_IDT2_mod_88nt	107	34	C	4	3	0	0	0.139672
Ecoli_SRP_IDT2_mod_88nt	107	35	T	16	5	0.00864509	0.00859658	0.139672
Ecoli_SRP_IDT2_mod_88nt	107	36	C	22	7	0.0115653	0.0115028	0.139672
Ecoli_SRP_IDT2_mod_88nt	107	37	T	28	12	0.00818222	0.00813604	0.139672
Ecoli_SRP_IDT2_mod_88nt	107	38	G	26	13	0.00368201	0.00366008	0.139672
Ecoli_SRP_IDT2_mod_88nt	107	39	T	6	4	0	0	0.139672
Ecoli_SRP_IDT2_mod_88nt	107	40	T	23	10	0.00633536	0.0062988	0.139672
Ecoli_SRP_IDT2_mod_88nt	107	41	T	173	36	0.125151	0.125467	0.139672
Ecoli_SRP_IDT2_mod_88nt	107	42	A	75	15	0.0542986	0.0541659	0.139672
Ecoli_SRP_IDT2_mod_88nt	107	43	C	27	5	0.0201949	0.0200977	0.139672
Ecoli_SRP_IDT2_mod_88nt	107	44	C	112	35	0.0536712	0.0535377	0.139672
Ecoli_SRP_IDT2_mod_88nt	107	45	A	14	0	0.0154339	0.0153546	0.139672
Ecoli_SRP_IDT2_mod_88nt	107	46	G	11	2	0.00807928	0.00803363	0.139672
Ecoli_SRP_IDT2_mod_88nt	107	47	G	31	17	0	0	0.139672
Ecoli_SRP_IDT2_mod_88nt	107	48	T	5	3	0	0	0.139672
Ecoli_SRP_IDT2_mod_88nt	107	49	C	36	23	0	0	0.139672
Ecoli_SRP_IDT2_mod_88nt	107	50	A	10	4	0.00291438	0.00289687	0.139672
Ecoli_SRP_IDT2_mod_88nt	107	51	G	6	1	0.00452804	0.00450134	0.139672
Ecoli_SRP_IDT2_mod_88nt	107	52	G	16	2	0.0133652	0.0132946	0.139672
Ecoli_SRP_IDT2_mod_88nt	107	53	T	5	5	0	0	0.139672
Ecoli_SRP_IDT2_mod_88nt	107	54	C	9	1	0.00774722	0.00770327	0.139672
Ecoli_SRP_IDT2_mod_88nt	107	55	C	21	7	0.00878242	0.00873322	0.139672
Ecoli_SRP_IDT2_mod_88nt	107	56	G	6	3	0.000523114	0.000519886	0.139672
Ecoli_SRP_IDT2_mod_88nt	107	57	G	51	9	0.0368192	0.0366845	0.139672
Ecoli_SRP_IDT2_mod_88nt	107	58	A	24	6	0.0137509	0.0136786	0.139672
Ecoli_SRP_IDT2_mod_88nt	107	59	A	8	3	0.00260194	0.00258625	0.139672
Ecoli_SRP_IDT2_mod_88nt	107	60	G	11	5	0.00184843	0.00183719	0.139672
Ecoli_SRP_IDT2_mod_88nt	107	61	G	36	19	0.000851477	0.000846241	0.139672
Ecoli_SRP_IDT2_mod_88nt	107	62	A	19	9	0.00245123	0.00243643	0.139672
Ecoli_SRP_IDT2_mod_88nt	107	63	A	9	4	0.00166973	0.00165956	0.139672
Ecoli_SRP_IDT2_mod_88nt	107	64	G	13	7	2.61407e-05	2.59785e-05	0.139672
Ecoli_SRP_IDT2_mod_88nt	107	65	C	23	9	0.0066107	0.00657267	0.139672
Ecoli_SRP_IDT2_mod_88nt	107	66	A	16	6	0.00508222	0.00505245	0.139672
Ecoli_SRP_IDT2_mod_88nt	107	67	G	21	9	0.00446557	0.00443922	0.139672
Ecoli_SRP_IDT2_mod_88nt	107	68	C	7	7	0	0	0.139672
Ecoli_SRP_IDT2_mod_88nt	107	69	C	12	16	0	0	0.139672
Ecoli_SRP_IDT2_mod_88nt	107	70	A	2	4	0	0	0.139672
Ecoli_SRP_IDT2_mod_88nt	107	71	A	5	1	0.00326623	0.00324669	0.139672
Ecoli_SRP_IDT2_mod_88nt	107	72	G	0	0	0	0	0.139672
Ecoli_SRP_IDT2_mod_88nt	107	73	G	1	0	0.00103675	0.00103038	0.139672
Ecoli_SRP_IDT2_mod_88nt	107	74	C	0	1	0	0	0.139672
Ecoli_SRP_IDT2_mod_88nt	107	75	A	0	1	0	0	0.139672
Ecoli_SRP_IDT2_mod_88nt	107	76	G	0	1	0	0	0.139672
Ecoli_SRP_IDT2_mod_88nt	107	77	A	0	0	0	0	0.139672
Ecoli_SRP_IDT2_mod_88nt	107	78	T	0	0	0	0	0.139672
Ecoli_SRP_IDT2_mod_88nt	107	79	G	0	0	0	0	0.139672
Ecoli_SRP_IDT2_mod_88nt	107	80	A	0	0	0	0	0.139672
Ecoli_SRP_IDT2_mod_88nt	107	81	C	0	1	0	0	0.139672
Ecoli_SRP_IDT2_mod_88nt	107	82	G	0	2	0	0	0.139672
Ecoli_SRP_IDT2_mod_88nt	107	83	C	6	10	0	0	0.139672
Ecoli_SRP_IDT2_mod_88nt	107	84	G	42	134	0	0	0.139672
Ecoli_SRP_IDT2_mod_88nt	107	85	T	1	4	0	0	0.139672
Ecoli_SRP_IDT2_mod_88nt	107	86	G	16	66	0	0	0.139672
Ecoli_SRP_IDT2_mod_88nt	107	87	T	48	135	0	0	0.139672
Ecoli_SRP_IDT2_mod_88nt	107	88	G	1130	2331	0	0	0.139672
Ecoli_SRP_IDT2_mod_88nt	107	89	C	6	14	0	0	0.139672
Ecoli_SRP_IDT2_mod_88nt	107	90	T	22	72	0	0	0.139672
Ecoli_SRP_IDT2_mod_88nt	107	91	G	33	76	0	0	0.139672
Ecoli_SRP_IDT2_mod_88nt	107	92	A	0	0	0	0	0.139672
Ecoli_SRP_IDT2_mod_88nt	107	93	C	0	1	0	0	0.139672
Ecoli_SRP_IDT2_mod_88nt	107	94	T	0	0	0	0	0.139672
Ecoli_SRP_IDT2_mod_88nt	107	95	C	0	0	0	0	0.139672
Ecoli_SRP_IDT2_mod_88nt	107	96	G	0	0	0	0	0.139672
Ecoli_SRP_IDT2_mod_88nt	107	97	G	0	0	0	0	0.139672
Ecoli_SRP_IDT2_mod_88nt	107	98	G	0	0	0	0	0.139672
Ecoli_SRP_IDT2_mod_88nt	107	99	C	0	0	0	0	0.139672
Ecoli_SRP_IDT2_mod_88nt	107	100	A	0	0	0	0	0.139672
Ecoli_SRP_IDT2_mod_88nt	107	101	C	0	0	0	0	0.139672
Ecoli_SRP_IDT2_mod_88nt	107	102	C	0	0	0	0	0.139672
Ecoli_SRP_IDT2_mod_88nt	107	103	A	0	0	0	0	0.139672
Ecoli_SRP_IDT2_mod_88nt	107	104	A	0	0	0	0	0.139672
Ecoli_SRP_IDT2_mod_88nt	107	105	G	0	0	0	0	0.139672
Ecoli_SRP_IDT2_mod_88nt	107	106	G	0	0	0	0	0.139672
