sequence	rt_start	five_prime_offset	nucleotide	treated_mods	untreated_mods	beta	theta	c
Ecoli_SRP_IDT2_mod_77nt	96	0	*	16488	16456	-	-	0.205775
Ecoli_SRP_IDT2_mod_77nt	96	1	A	860	290	0.160445	0.162192	0.205775
Ecoli_SRP_IDT2_mod_77nt	96	2	T	171	69	0.027767	0.0276849	0.205775
Ecoli_SRP_IDT2_mod_77nt	96	3	C	10	7	0.00075483	0.000750517	0.205775
Ecoli_SRP_IDT2_mod_77nt	96	4	G	8	8	0	0	0.205775
Ecoli_SRP_IDT2_mod_77nt	96	5	G	5	3	0.000522173	0.000519177	0.205775
Ecoli_SRP_IDT2_mod_77nt	96	6	G	23	16	0.00176042	0.00175054	0.205775
Ecoli_SRP_IDT2_mod_77nt	96	7	G	26	9	0.00461749	0.00459292	0.205775
Ecoli_SRP_IDT2_mod_77nt	96	8	G	71	50	0.00521011	0.0051827	0.205775
Ecoli_SRP_IDT2_mod_77nt	96	9	C	29	30	0	0	0.205775
Ecoli_SRP_IDT2_mod_77nt	96	10	T	63	49	0.0032547	0.00323693	0.205775
Ecoli_SRP_IDT2_mod_77nt	96	11	C	164	63	0.0267765	0.0266947	0.205775
Ecoli_SRP_IDT2_mod_77nt	96	12	T	62	15	0.0125697	0.012513	0.205775
Ecoli_SRP_IDT2_mod_77nt	96	13	G	43	29	0.0033752	0.00335681	0.205775
Ecoli_SRP_IDT2_mod_77nt	96	14	T	151	35	0.0306871	0.0306056	0.205775
Ecoli_SRP_IDT2_mod_77nt	96	15	T	121	41	0.0207058	0.0206296	0.205775
Ecoli_SRP_IDT2_mod_77nt	96	16	G	68	38	0.00732284	0.00728589	0.205775
Ecoli_SRP_IDT2_mod_77nt	96	17	G	2710	2403	0.0337983	0.0337193	0.205775
Ecoli_SRP_IDT2_mod_77nt	96	18	T	532	278	0.0527768	0.0527566	0.205775
Ecoli_SRP_IDT2_mod_77nt	96	19	T	50	20	0.00638212	0.00634931	0.205775
Ecoli_SRP_IDT2_mod_77nt	96	20	C	13	13	0	0	0.205775
Ecoli_SRP_IDT2_mod_77nt	96	21	T	27	10	0.00363271	0.00361302	0.205775
Ecoli_SRP_IDT2_mod_77nt	96	22	C	47	15	0.00689588	0.00686079	0.205775
Ecoli_SRP_IDT2_mod_77nt	96	23	C	67	34	0.00671044	0.00667617	0.205775
Ecoli_SRP_IDT2_mod_77nt	96	24	C	101	64	0.00694821	0.00691289	0.205775
Ecoli_SRP_IDT2_mod_77nt	96	25	G	126	80	0.00855258	0.0085105	0.205775
Ecoli_SRP_IDT2_mod_77nt	96	26	C	196	117	0.0149265	0.0148627	0.205775
Ecoli_SRP_IDT2_mod_77nt	96	27	A	144	47	0.02018	0.0201047	0.205775
Ecoli_SRP_IDT2_mod_77nt	96	28	A	54	24	0.00599966	0.00596858	0.205775
Ecoli_SRP_IDT2_mod_77nt	96	29	C	191	69	0.0248081	0.0247272	0.205775
Ecoli_SRP_IDT2_mod_77nt	96	30	G	24	12	0.00230569	0.00229288	0.205775
Ecoli_SRP_IDT2_mod_77nt	96	31	C	632	218	0.0818838	0.0820993	0.205775
Ecoli_SRP_IDT2_mod_77nt	96	32	T	688	239	0.0852768	0.0855313	0.205775
Ecoli_SRP_IDT2_mod_77nt	96	33	A	48	12	0.0069632	0.00692782	0.205775
Ecoli_SRP_IDT2_mod_77nt	96	34	C	37	19	0.00307532	0.00305847	0.205775
Ecoli_SRP_IDT2_mod_77nt	96	35	T	92	30	0.0116315	0.0115779	0.205775
Ecoli_SRP_IDT2_mod_77nt	96	36	C	83	42	0.00696379	0.00692841	0.205775
Ecoli_SRP_IDT2_mod_77nt	96	37	T	208	46	0.0309726	0.0308912	0.205775
Ecoli_SRP_IDT2_mod_77nt	96	38	G	162	55	0.0194781	0.0194041	0.205775
Ecoli_SRP_IDT2_mod_77nt	96	39	T	19	15	0.000293516	0.000291825	0.205775
Ecoli_SRP_IDT2_mod_77nt	96	40	T	152	22	0.0249273	0.0248464	0.205775
Ecoli_SRP_IDT2_mod_77nt	96	41	T	490	205	0.0482472	0.0482061	0.205775
Ecoli_SRP_IDT2_mod_77nt	96	42	A	217	87	0.0218421	0.0217643	0.205775
Ecoli_SRP_IDT2_mod_77nt	96	43	C	116	66	0.00714021	0.00710406	0.205775
Ecoli_SRP_IDT2_mod_77nt	96	44	C	337	128	0.0347473	0.0346695	0.205775
Ecoli_SRP_IDT2_mod_77nt	96	45	A	28	7	0.00368934	0.00366936	0.205775
Ecoli_SRP_IDT2_mod_77nt	96	46	G	39	13	0.00439448	0.004371	0.205775
Ecoli_SRP_IDT2_mod_77nt	96	47	G	215	50	0.028876	0.028794	0.205775
Ecoli_SRP_IDT2_mod_77nt	96	48	T	39	26	0.00140106	0.00139315	0.205775
Ecoli_SRP_IDT2_mod_77nt	96	49	C	130	70	0.0083818	0.00834042	0.205775
Ecoli_SRP_IDT2_mod_77nt	96	50	A	37	4	0.00594902	0.00591817	0.205775
Ecoli_SRP_IDT2_mod_77nt	96	51	G	20	5	0.00257532	0.00256109	0.205775
Ecoli_SRP_IDT2_mod_77nt	96	52	G	96	22	0.0127618	0.0127045	0.205775
Ecoli_SRP_IDT2_mod_77nt	96	53	T	19	9	0.00147928	0.00147093	0.205775
Ecoli_SRP_IDT2_mod_77nt	96	54	C	32	6	0.0045398	0.00451561	0.205775
Ecoli_SRP_IDT2_mod_77nt	96	55	C	79	24	0.00911648	0.00907216	0.205775
Ecoli_SRP_IDT2_mod_77nt	96	56	G	28	7	0.00356139	0.00354206	0.205775
Ecoli_SRP_IDT2_mod_77nt	96	57	G	125	42	0.0134231	0.0133637	0.205775
Ecoli_SRP_IDT2_mod_77nt	96	58	A	49	11	0.00646153	0.00642837	0.205775
Ecoli_SRP_IDT2_mod_77nt	96	59	A	7	4	0.000379822	0.000377638	0.205775
Ecoli_SRP_IDT2_mod_77nt	96	60	G	13	0	0.0023638	0.00235068	0.205775
Ecoli_SRP_IDT2_mod_77nt	96	61	G	18	13	0.000368252	0.000366134	0.205775
Ecoli_SRP_IDT2_mod_77nt	96	62	A	18	2	0.0028223	0.00280677	0.205775
Ecoli_SRP_IDT2_mod_77nt	96	63	A	20	3	0.00295976	0.00294351	0.205775
Ecoli_SRP_IDT2_mod_77nt	96	64	G	3	1	0.000321087	0.000319238	0.205775
Ecoli_SRP_IDT2_mod_77nt	96	65	C	7	1	0.00104653	0.00104058	0.205775
Ecoli_SRP_IDT2_mod_77nt	96	66	A	8	7	0	0	0.205775
Ecoli_SRP_IDT2_mod_77nt	96	67	G	2	6	0	0	0.205775
Ecoli_SRP_IDT2_mod_77nt	96	68	C	0	3	0	0	0.205775
Ecoli_SRP_IDT2_mod_77nt	96	69	C	6	7	0	0	0.205775
Ecoli_SRP_IDT2_mod_77nt	96	70	A	5	6	0	0	0.205775
Ecoli_SRP_IDT2_mod_77nt	96	71	A	3	5	0	0	0.205775
Ecoli_SRP_IDT2_mod_77nt	96	72	G	442	536	0	0	0.205775
Ecoli_SRP_IDT2_mod_77nt	96	73	G	36	117	0	0	0.205775
Ecoli_SRP_IDT2_mod_77nt	96	74	C	23	47	0	0	0.205775
Ecoli_SRP_IDT2_mod_77nt	96	75	A	13	29	0	0	0.205775
Ecoli_SRP_IDT2_mod_77nt	96	76	G	6789	23472	0	0	0.205775
Ecoli_SRP_IDT2_mod_77nt	96	77	A	1165	2204	0	0	0.205775
Ecoli_SRP_IDT2_mod_77nt	96	78	C	6	11	0	0	0.205775
Ecoli_SRP_IDT2_mod_77nt	96	79	T	23	67	0	0	0.205775
Ecoli_SRP_IDT2_mod_77nt	96	80	G	38	87	0	0	0.205775
Ecoli_SRP_IDT2_mod_77nt	96	81	A	0	2	0	0	0.205775
Ecoli_SRP_IDT2_mod_77nt	96	82	C	0	1	0	0	0.205775
Ecoli_SRP_IDT2_mod_77nt	96	83	T	0	0	0	0	0.205775
Ecoli_SRP_IDT2_mod_77nt	96	84	C	0	0	0	0	0.205775
Ecoli_SRP_IDT2_mod_77nt	96	85	G	0	0	0	0	0.205775
Ecoli_SRP_IDT2_mod_77nt	96	86	G	0	0	0	0	0.205775
Ecoli_SRP_IDT2_mod_77nt	96	87	G	0	0	0	0	0.205775
Ecoli_SRP_IDT2_mod_77nt	96	88	C	0	0	0	0	0.205775
Ecoli_SRP_IDT2_mod_77nt	96	89	A	0	0	0	0	0.205775
Ecoli_SRP_IDT2_mod_77nt	96	90	C	0	0	0	0	0.205775
Ecoli_SRP_IDT2_mod_77nt	96	91	C	0	0	0	0	0.205775
Ecoli_SRP_IDT2_mod_77nt	96	92	A	0	0	0	0	0.205775
Ecoli_SRP_IDT2_mod_77nt	96	93	A	0	0	0	0	0.205775
Ecoli_SRP_IDT2_mod_77nt	96	94	G	0	0	0	0	0.205775
Ecoli_SRP_IDT2_mod_77nt	96	95	G	0	0	0	0	0.205775
