sequence	rt_start	five_prime_offset	nucleotide	treated_mods	untreated_mods	beta	theta	c
Ecoli_SRP_IDT2_mod_61nt	80	0	*	11995	13520	-	-	0.133441
Ecoli_SRP_IDT2_mod_61nt	80	1	A	662	248	0.263422	0.266361	0.133441
Ecoli_SRP_IDT2_mod_61nt	80	2	T	129	67	0.0397698	0.0396118	0.133441
Ecoli_SRP_IDT2_mod_61nt	80	3	C	15	7	0.00502724	0.00499573	0.133441
Ecoli_SRP_IDT2_mod_61nt	80	4	G	12	5	0.00434268	0.00431526	0.133441
Ecoli_SRP_IDT2_mod_61nt	80	5	G	4	2	0.00126505	0.0012568	0.133441
Ecoli_SRP_IDT2_mod_61nt	80	6	G	23	21	0.00209443	0.0020809	0.133441
Ecoli_SRP_IDT2_mod_61nt	80	7	G	20	11	0.00575862	0.0057228	0.133441
Ecoli_SRP_IDT2_mod_61nt	80	8	G	86	77	0.00854461	0.00849303	0.133441
Ecoli_SRP_IDT2_mod_61nt	80	9	C	40	36	0.0038399	0.00381553	0.133441
Ecoli_SRP_IDT2_mod_61nt	80	10	T	68	35	0.0205271	0.0204195	0.133441
Ecoli_SRP_IDT2_mod_61nt	80	11	C	119	52	0.0404382	0.0402794	0.133441
Ecoli_SRP_IDT2_mod_61nt	80	12	T	46	31	0.00970088	0.00964305	0.133441
Ecoli_SRP_IDT2_mod_61nt	80	13	G	27	23	0.00310692	0.00308705	0.133441
Ecoli_SRP_IDT2_mod_61nt	80	14	T	91	27	0.0371604	0.0370064	0.133441
Ecoli_SRP_IDT2_mod_61nt	80	15	T	75	25	0.0289422	0.0288065	0.133441
Ecoli_SRP_IDT2_mod_61nt	80	16	G	32	25	0.00469417	0.00466464	0.133441
Ecoli_SRP_IDT2_mod_61nt	80	17	G	1851	1914	0.0199409	0.0198355	0.133441
Ecoli_SRP_IDT2_mod_61nt	80	18	T	398	218	0.0919274	0.0918817	0.133441
Ecoli_SRP_IDT2_mod_61nt	80	19	T	48	17	0.015181	0.015096	0.133441
Ecoli_SRP_IDT2_mod_61nt	80	20	C	10	10	0.000181493	0.000180297	0.133441
Ecoli_SRP_IDT2_mod_61nt	80	21	T	13	8	0.00253769	0.00252137	0.133441
Ecoli_SRP_IDT2_mod_61nt	80	22	C	25	13	0.00596662	0.00592959	0.133441
Ecoli_SRP_IDT2_mod_61nt	80	23	C	31	18	0.00651476	0.00647456	0.133441
Ecoli_SRP_IDT2_mod_61nt	80	24	C	58	74	0	0	0.133441
Ecoli_SRP_IDT2_mod_61nt	80	25	G	44	34	0.00533014	0.00529683	0.133441
Ecoli_SRP_IDT2_mod_61nt	80	26	C	93	58	0.0174722	0.017377	0.133441
Ecoli_SRP_IDT2_mod_61nt	80	27	A	86	36	0.0239971	0.0238767	0.133441
Ecoli_SRP_IDT2_mod_61nt	80	28	A	33	17	0.00772558	0.00767853	0.133441
Ecoli_SRP_IDT2_mod_61nt	80	29	C	92	48	0.0211206	0.0210106	0.133441
Ecoli_SRP_IDT2_mod_61nt	80	30	G	19	8	0.00520856	0.00517597	0.133441
Ecoli_SRP_IDT2_mod_61nt	80	31	C	245	106	0.0648675	0.0647181	0.133441
Ecoli_SRP_IDT2_mod_61nt	80	32	T	189	69	0.0548341	0.0546712	0.133441
Ecoli_SRP_IDT2_mod_61nt	80	33	A	25	11	0.0063759	0.0063365	0.133441
Ecoli_SRP_IDT2_mod_61nt	80	34	C	24	9	0.00680464	0.00676278	0.133441
Ecoli_SRP_IDT2_mod_61nt	80	35	T	34	12	0.00994972	0.00989058	0.133441
Ecoli_SRP_IDT2_mod_61nt	80	36	C	57	33	0.0108785	0.0108145	0.133441
Ecoli_SRP_IDT2_mod_61nt	80	37	T	133	27	0.0472458	0.0470816	0.133441
Ecoli_SRP_IDT2_mod_61nt	80	38	G	82	30	0.0230289	0.0229119	0.133441
Ecoli_SRP_IDT2_mod_61nt	80	39	T	10	4	0.0026502	0.00263317	0.133441
Ecoli_SRP_IDT2_mod_61nt	80	40	T	42	9	0.0145564	0.0144743	0.133441
Ecoli_SRP_IDT2_mod_61nt	80	41	T	144	49	0.0414785	0.0413185	0.133441
Ecoli_SRP_IDT2_mod_61nt	80	42	A	22	8	0.00608356	0.00604585	0.133441
Ecoli_SRP_IDT2_mod_61nt	80	43	C	3	4	0	0	0.133441
Ecoli_SRP_IDT2_mod_61nt	80	44	C	7	15	0	0	0.133441
Ecoli_SRP_IDT2_mod_61nt	80	45	A	3	1	0.000868987	0.000863301	0.133441
Ecoli_SRP_IDT2_mod_61nt	80	46	G	8	2	0.00261054	0.00259376	0.133441
Ecoli_SRP_IDT2_mod_61nt	80	47	G	19	11	0.00343411	0.00341222	0.133441
Ecoli_SRP_IDT2_mod_61nt	80	48	T	1	1	0	0	0.133441
Ecoli_SRP_IDT2_mod_61nt	80	49	C	6	11	0	0	0.133441
Ecoli_SRP_IDT2_mod_61nt	80	50	A	3	2	0.000425701	0.000422903	0.133441
Ecoli_SRP_IDT2_mod_61nt	80	51	G	0	0	0	0	0.133441
Ecoli_SRP_IDT2_mod_61nt	80	52	G	1	0	0.000435978	0.000433113	0.133441
Ecoli_SRP_IDT2_mod_61nt	80	53	T	4	1	0.00130243	0.00129395	0.133441
Ecoli_SRP_IDT2_mod_61nt	80	54	C	2	1	0.000430551	0.000427722	0.133441
Ecoli_SRP_IDT2_mod_61nt	80	55	C	2	3	0	0	0.133441
Ecoli_SRP_IDT2_mod_61nt	80	56	G	12	44	0	0	0.133441
Ecoli_SRP_IDT2_mod_61nt	80	57	G	57	155	0	0	0.133441
Ecoli_SRP_IDT2_mod_61nt	80	58	A	2	4	0	0	0.133441
Ecoli_SRP_IDT2_mod_61nt	80	59	A	0	5	0	0	0.133441
Ecoli_SRP_IDT2_mod_61nt	80	60	G	69	142	0	0	0.133441
Ecoli_SRP_IDT2_mod_61nt	80	61	G	1251	2363	0	0	0.133441
Ecoli_SRP_IDT2_mod_61nt	80	62	C	5	11	0	0	0.133441
Ecoli_SRP_IDT2_mod_61nt	80	63	T	25	73	0	0	0.133441
Ecoli_SRP_IDT2_mod_61nt	80	64	G	25	78	0	0	0.133441
Ecoli_SRP_IDT2_mod_61nt	80	65	A	0	1	0	0	0.133441
Ecoli_SRP_IDT2_mod_61nt	80	66	C	0	0	0	0	0.133441
Ecoli_SRP_IDT2_mod_61nt	80	67	T	0	0	0	0	0.133441
Ecoli_SRP_IDT2_mod_61nt	80	68	C	0	0	0	0	0.133441
Ecoli_SRP_IDT2_mod_61nt	80	69	G	0	0	0	0	0.133441
Ecoli_SRP_IDT2_mod_61nt	80	70	G	0	0	0	0	0.133441
Ecoli_SRP_IDT2_mod_61nt	80	71	G	0	0	0	0	0.133441
Ecoli_SRP_IDT2_mod_61nt	80	72	C	0	0	0	0	0.133441
Ecoli_SRP_IDT2_mod_61nt	80	73	A	0	0	0	0	0.133441
Ecoli_SRP_IDT2_mod_61nt	80	74	C	0	0	0	0	0.133441
Ecoli_SRP_IDT2_mod_61nt	80	75	C	0	0	0	0	0.133441
Ecoli_SRP_IDT2_mod_61nt	80	76	A	0	0	0	0	0.133441
Ecoli_SRP_IDT2_mod_61nt	80	77	A	0	0	0	0	0.133441
Ecoli_SRP_IDT2_mod_61nt	80	78	G	0	0	0	0	0.133441
Ecoli_SRP_IDT2_mod_61nt	80	79	G	0	0	0	0	0.133441
