sequence	rt_start	five_prime_offset	nucleotide	treated_mods	untreated_mods	beta	theta	c
Ecoli_SRP_IDT2_mod_85nt	104	0	*	13252	10067	-	-	0.169885
Ecoli_SRP_IDT2_mod_85nt	104	1	A	651	176	0.178459	0.180265	0.169885
Ecoli_SRP_IDT2_mod_85nt	104	2	T	144	41	0.0372159	0.0371396	0.169885
Ecoli_SRP_IDT2_mod_85nt	104	3	C	20	9	0.00324175	0.00322581	0.169885
Ecoli_SRP_IDT2_mod_85nt	104	4	G	12	2	0.00389456	0.00387562	0.169885
Ecoli_SRP_IDT2_mod_85nt	104	5	G	3	3	0	0	0.169885
Ecoli_SRP_IDT2_mod_85nt	104	6	G	32	9	0.00825593	0.00821881	0.169885
Ecoli_SRP_IDT2_mod_85nt	104	7	G	18	8	0.00294978	0.0029352	0.169885
Ecoli_SRP_IDT2_mod_85nt	104	8	G	61	38	0.00372639	0.00370822	0.169885
Ecoli_SRP_IDT2_mod_85nt	104	9	C	33	18	0.00346209	0.00344512	0.169885
Ecoli_SRP_IDT2_mod_85nt	104	10	T	68	30	0.0111141	0.0110668	0.169885
Ecoli_SRP_IDT2_mod_85nt	104	11	C	147	40	0.0377077	0.037632	0.169885
Ecoli_SRP_IDT2_mod_85nt	104	12	T	62	17	0.0157023	0.0156416	0.169885
Ecoli_SRP_IDT2_mod_85nt	104	13	G	20	12	0.00136837	0.00136143	0.169885
Ecoli_SRP_IDT2_mod_85nt	104	14	T	118	21	0.0359165	0.0358389	0.169885
Ecoli_SRP_IDT2_mod_85nt	104	15	T	129	17	0.0421746	0.0421059	0.169885
Ecoli_SRP_IDT2_mod_85nt	104	16	G	38	10	0.00956768	0.00952572	0.169885
Ecoli_SRP_IDT2_mod_85nt	104	17	G	2004	1380	0.0215172	0.0214445	0.169885
Ecoli_SRP_IDT2_mod_85nt	104	18	T	366	154	0.0511159	0.0510715	0.169885
Ecoli_SRP_IDT2_mod_85nt	104	19	T	37	14	0.00585878	0.00583126	0.169885
Ecoli_SRP_IDT2_mod_85nt	104	20	C	11	10	0	0	0.169885
Ecoli_SRP_IDT2_mod_85nt	104	21	T	22	7	0.00412175	0.00410178	0.169885
Ecoli_SRP_IDT2_mod_85nt	104	22	C	18	11	0.000787503	0.000783468	0.169885
Ecoli_SRP_IDT2_mod_85nt	104	23	C	42	22	0.00362096	0.00360327	0.169885
Ecoli_SRP_IDT2_mod_85nt	104	24	C	84	57	0.000875758	0.000871277	0.169885
Ecoli_SRP_IDT2_mod_85nt	104	25	G	83	65	0	0	0.169885
Ecoli_SRP_IDT2_mod_85nt	104	26	C	123	78	0.00390755	0.00388855	0.169885
Ecoli_SRP_IDT2_mod_85nt	104	27	A	112	28	0.024053	0.0239769	0.169885
Ecoli_SRP_IDT2_mod_85nt	104	28	A	28	9	0.00503295	0.00500896	0.169885
Ecoli_SRP_IDT2_mod_85nt	104	29	C	120	42	0.019778	0.0197083	0.169885
Ecoli_SRP_IDT2_mod_85nt	104	30	G	14	5	0.00225011	0.00223886	0.169885
Ecoli_SRP_IDT2_mod_85nt	104	31	C	288	105	0.0445293	0.0444656	0.169885
Ecoli_SRP_IDT2_mod_85nt	104	32	T	290	89	0.0515545	0.0515117	0.169885
Ecoli_SRP_IDT2_mod_85nt	104	33	A	50	14	0.00943218	0.00939071	0.169885
Ecoli_SRP_IDT2_mod_85nt	104	34	C	33	10	0.00585121	0.00582372	0.169885
Ecoli_SRP_IDT2_mod_85nt	104	35	T	49	7	0.0123291	0.0122779	0.169885
Ecoli_SRP_IDT2_mod_85nt	104	36	C	98	33	0.0156571	0.0155965	0.169885
Ecoli_SRP_IDT2_mod_85nt	104	37	T	184	30	0.0438282	0.043763	0.169885
Ecoli_SRP_IDT2_mod_85nt	104	38	G	112	33	0.0196249	0.0195554	0.169885
Ecoli_SRP_IDT2_mod_85nt	104	39	T	14	2	0.00343263	0.00341581	0.169885
Ecoli_SRP_IDT2_mod_85nt	104	40	T	130	14	0.0337643	0.0336853	0.169885
Ecoli_SRP_IDT2_mod_85nt	104	41	T	387	67	0.0868808	0.0870707	0.169885
Ecoli_SRP_IDT2_mod_85nt	104	42	A	141	23	0.03191	0.0318302	0.169885
Ecoli_SRP_IDT2_mod_85nt	104	43	C	51	24	0.00427658	0.00425592	0.169885
Ecoli_SRP_IDT2_mod_85nt	104	44	C	147	52	0.0200625	0.0199923	0.169885
Ecoli_SRP_IDT2_mod_85nt	104	45	A	24	5	0.00485679	0.00483356	0.169885
Ecoli_SRP_IDT2_mod_85nt	104	46	G	28	9	0.00420653	0.00418618	0.169885
Ecoli_SRP_IDT2_mod_85nt	104	47	G	154	59	0.0186239	0.0185564	0.169885
Ecoli_SRP_IDT2_mod_85nt	104	48	T	21	11	0.00117956	0.00117356	0.169885
Ecoli_SRP_IDT2_mod_85nt	104	49	C	76	43	0.00280104	0.00278716	0.169885
Ecoli_SRP_IDT2_mod_85nt	104	50	A	22	5	0.00418551	0.00416525	0.169885
Ecoli_SRP_IDT2_mod_85nt	104	51	G	6	2	0.000851942	0.000847581	0.169885
Ecoli_SRP_IDT2_mod_85nt	104	52	G	26	14	0.00126893	0.00126248	0.169885
Ecoli_SRP_IDT2_mod_85nt	104	53	T	14	5	0.00183215	0.00182293	0.169885
Ecoli_SRP_IDT2_mod_85nt	104	54	C	19	5	0.00329174	0.00327557	0.169885
Ecoli_SRP_IDT2_mod_85nt	104	55	C	32	8	0.00572357	0.00569661	0.169885
Ecoli_SRP_IDT2_mod_85nt	104	56	G	15	3	0.00301861	0.00300371	0.169885
Ecoli_SRP_IDT2_mod_85nt	104	57	G	92	17	0.0190572	0.0189888	0.169885
Ecoli_SRP_IDT2_mod_85nt	104	58	A	33	19	0.000992643	0.000987573	0.169885
Ecoli_SRP_IDT2_mod_85nt	104	59	A	14	4	0.00225196	0.00224069	0.169885
Ecoli_SRP_IDT2_mod_85nt	104	60	G	10	7	0	0	0.169885
Ecoli_SRP_IDT2_mod_85nt	104	61	G	40	25	0.00030756	0.000305972	0.169885
Ecoli_SRP_IDT2_mod_85nt	104	62	A	28	16	0.000888924	0.000884376	0.169885
Ecoli_SRP_IDT2_mod_85nt	104	63	A	82	61	0	0	0.169885
Ecoli_SRP_IDT2_mod_85nt	104	64	G	12	10	0	0	0.169885
Ecoli_SRP_IDT2_mod_85nt	104	65	C	10	11	0	0	0.169885
Ecoli_SRP_IDT2_mod_85nt	104	66	A	17	8	0.00130626	0.00129962	0.169885
Ecoli_SRP_IDT2_mod_85nt	104	67	G	19	13	0	0	0.169885
Ecoli_SRP_IDT2_mod_85nt	104	68	C	2	7	0	0	0.169885
Ecoli_SRP_IDT2_mod_85nt	104	69	C	8	6	0	0	0.169885
Ecoli_SRP_IDT2_mod_85nt	104	70	A	4	4	0	0	0.169885
Ecoli_SRP_IDT2_mod_85nt	104	71	A	1	0	0.000286471	0.000284991	0.169885
Ecoli_SRP_IDT2_mod_85nt	104	72	G	3	0	0.000859287	0.000854889	0.169885
Ecoli_SRP_IDT2_mod_85nt	104	73	G	3	4	0	0	0.169885
Ecoli_SRP_IDT2_mod_85nt	104	74	C	1	0	0.000286374	0.000284894	0.169885
Ecoli_SRP_IDT2_mod_85nt	104	75	A	0	0	0	0	0.169885
Ecoli_SRP_IDT2_mod_85nt	104	76	G	6	3	0.00038185	0.00037988	0.169885
Ecoli_SRP_IDT2_mod_85nt	104	77	A	1	1	0	0	0.169885
Ecoli_SRP_IDT2_mod_85nt	104	78	T	1	1	0	0	0.169885
Ecoli_SRP_IDT2_mod_85nt	104	79	G	13	7	0.000604221	0.000601115	0.169885
Ecoli_SRP_IDT2_mod_85nt	104	80	A	2	1	0.000127129	0.00012647	0.169885
Ecoli_SRP_IDT2_mod_85nt	104	81	C	16	39	0	0	0.169885
Ecoli_SRP_IDT2_mod_85nt	104	82	G	3	7	0	0	0.169885
Ecoli_SRP_IDT2_mod_85nt	104	83	C	7	12	0	0	0.169885
Ecoli_SRP_IDT2_mod_85nt	104	84	G	1868	6643	0	0	0.169885
Ecoli_SRP_IDT2_mod_85nt	104	85	T	1148	2249	0	0	0.169885
Ecoli_SRP_IDT2_mod_85nt	104	86	C	5	16	0	0	0.169885
Ecoli_SRP_IDT2_mod_85nt	104	87	T	24	67	0	0	0.169885
Ecoli_SRP_IDT2_mod_85nt	104	88	G	47	68	0	0	0.169885
Ecoli_SRP_IDT2_mod_85nt	104	89	A	0	0	0	0	0.169885
Ecoli_SRP_IDT2_mod_85nt	104	90	C	0	0	0	0	0.169885
Ecoli_SRP_IDT2_mod_85nt	104	91	T	0	0	0	0	0.169885
Ecoli_SRP_IDT2_mod_85nt	104	92	C	0	0	0	0	0.169885
Ecoli_SRP_IDT2_mod_85nt	104	93	G	0	0	0	0	0.169885
Ecoli_SRP_IDT2_mod_85nt	104	94	G	0	0	0	0	0.169885
Ecoli_SRP_IDT2_mod_85nt	104	95	G	0	0	0	0	0.169885
Ecoli_SRP_IDT2_mod_85nt	104	96	C	0	0	0	0	0.169885
Ecoli_SRP_IDT2_mod_85nt	104	97	A	0	0	0	0	0.169885
Ecoli_SRP_IDT2_mod_85nt	104	98	C	0	0	0	0	0.169885
Ecoli_SRP_IDT2_mod_85nt	104	99	C	0	0	0	0	0.169885
Ecoli_SRP_IDT2_mod_85nt	104	100	A	0	0	0	0	0.169885
Ecoli_SRP_IDT2_mod_85nt	104	101	A	0	0	0	0	0.169885
Ecoli_SRP_IDT2_mod_85nt	104	102	G	0	0	0	0	0.169885
Ecoli_SRP_IDT2_mod_85nt	104	103	G	0	0	0	0	0.169885
