sequence	rt_start	five_prime_offset	nucleotide	treated_mods	untreated_mods	beta	theta	c
Ecoli_SRP_IDT2_mod_98nt	117	0	*	37370	32963	-	-	0.223648
Ecoli_SRP_IDT2_mod_98nt	117	1	A	2464	507	0.213799	0.217255	0.223648
Ecoli_SRP_IDT2_mod_98nt	117	2	T	695	138	0.0590352	0.0589423	0.223648
Ecoli_SRP_IDT2_mod_98nt	117	3	C	49	21	0.00263018	0.00260957	0.223648
Ecoli_SRP_IDT2_mod_98nt	117	4	G	25	13	0.00103405	0.00102577	0.223648
Ecoli_SRP_IDT2_mod_98nt	117	5	G	7	5	0.000107168	0.000106299	0.223648
Ecoli_SRP_IDT2_mod_98nt	117	6	G	50	27	0.00193051	0.00191524	0.223648
Ecoli_SRP_IDT2_mod_98nt	117	7	G	36	13	0.00224899	0.00223127	0.223648
Ecoli_SRP_IDT2_mod_98nt	117	8	G	128	108	0	0	0.223648
Ecoli_SRP_IDT2_mod_98nt	117	9	C	65	41	0.00170581	0.00169227	0.223648
Ecoli_SRP_IDT2_mod_98nt	117	10	T	215	103	0.00992856	0.00985875	0.223648
Ecoli_SRP_IDT2_mod_98nt	117	11	C	574	152	0.0421732	0.0420274	0.223648
Ecoli_SRP_IDT2_mod_98nt	117	12	T	192	50	0.0140904	0.0139978	0.223648
Ecoli_SRP_IDT2_mod_98nt	117	13	G	114	34	0.00776337	0.00770692	0.223648
Ecoli_SRP_IDT2_mod_98nt	117	14	T	641	96	0.0553182	0.0552082	0.223648
Ecoli_SRP_IDT2_mod_98nt	117	15	T	657	105	0.0548265	0.0547144	0.223648
Ecoli_SRP_IDT2_mod_98nt	117	16	G	173	71	0.00867308	0.0086109	0.223648
Ecoli_SRP_IDT2_mod_98nt	117	17	G	6031	4988	0	0	0.223648
Ecoli_SRP_IDT2_mod_98nt	117	18	T	1268	620	0.0435195	0.0433756	0.223648
Ecoli_SRP_IDT2_mod_98nt	117	19	T	162	36	0.0103043	0.0102322	0.223648
Ecoli_SRP_IDT2_mod_98nt	117	20	C	59	21	0.00285906	0.00283673	0.223648
Ecoli_SRP_IDT2_mod_98nt	117	21	T	59	23	0.00262975	0.00260915	0.223648
Ecoli_SRP_IDT2_mod_98nt	117	22	C	73	48	0.0010554	0.00104695	0.223648
Ecoli_SRP_IDT2_mod_98nt	117	23	C	166	96	0.00385986	0.00383014	0.223648
Ecoli_SRP_IDT2_mod_98nt	117	24	C	354	153	0.0139044	0.0138127	0.223648
Ecoli_SRP_IDT2_mod_98nt	117	25	G	266	148	0.00669081	0.00664138	0.223648
Ecoli_SRP_IDT2_mod_98nt	117	26	C	538	253	0.0184396	0.0183273	0.223648
Ecoli_SRP_IDT2_mod_98nt	117	27	A	616	70	0.0447095	0.0445676	0.223648
Ecoli_SRP_IDT2_mod_98nt	117	28	A	99	50	0.0028971	0.00287448	0.223648
Ecoli_SRP_IDT2_mod_98nt	117	29	C	276	129	0.00916343	0.00909823	0.223648
Ecoli_SRP_IDT2_mod_98nt	117	30	G	47	23	0.00144096	0.00142948	0.223648
Ecoli_SRP_IDT2_mod_98nt	117	31	C	964	354	0.0416997	0.0415533	0.223648
Ecoli_SRP_IDT2_mod_98nt	117	32	T	899	321	0.0389062	0.0387575	0.223648
Ecoli_SRP_IDT2_mod_98nt	117	33	A	59	32	0.00135263	0.00134184	0.223648
Ecoli_SRP_IDT2_mod_98nt	117	34	C	50	32	0.000618576	0.000613592	0.223648
Ecoli_SRP_IDT2_mod_98nt	117	35	T	137	41	0.00670596	0.00665643	0.223648
Ecoli_SRP_IDT2_mod_98nt	117	36	C	193	104	0.00444565	0.00441171	0.223648
Ecoli_SRP_IDT2_mod_98nt	117	37	T	318	105	0.0143491	0.0142553	0.223648
Ecoli_SRP_IDT2_mod_98nt	117	38	G	209	103	0.00574567	0.00570262	0.223648
Ecoli_SRP_IDT2_mod_98nt	117	39	T	36	25	0.000211716	0.000210001	0.223648
Ecoli_SRP_IDT2_mod_98nt	117	40	T	223	38	0.0137333	0.0136425	0.223648
Ecoli_SRP_IDT2_mod_98nt	117	41	T	1283	362	0.062236	0.0621604	0.223648
Ecoli_SRP_IDT2_mod_98nt	117	42	A	413	111	0.0203035	0.020184	0.223648
Ecoli_SRP_IDT2_mod_98nt	117	43	C	173	106	0.00219914	0.0021818	0.223648
Ecoli_SRP_IDT2_mod_98nt	117	44	C	736	248	0.0303083	0.0301636	0.223648
Ecoli_SRP_IDT2_mod_98nt	117	45	A	83	20	0.0042259	0.00419353	0.223648
Ecoli_SRP_IDT2_mod_98nt	117	46	G	81	21	0.00396177	0.0039313	0.223648
Ecoli_SRP_IDT2_mod_98nt	117	47	G	239	127	0.00486639	0.00482946	0.223648
Ecoli_SRP_IDT2_mod_98nt	117	48	T	79	67	0	0	0.223648
Ecoli_SRP_IDT2_mod_98nt	117	49	C	295	157	0.00593011	0.0058858	0.223648
Ecoli_SRP_IDT2_mod_98nt	117	50	A	51	18	0.00196772	0.00195216	0.223648
Ecoli_SRP_IDT2_mod_98nt	117	51	G	30	12	0.00101018	0.00100209	0.223648
Ecoli_SRP_IDT2_mod_98nt	117	52	G	123	44	0.00466981	0.00463427	0.223648
Ecoli_SRP_IDT2_mod_98nt	117	53	T	32	17	0.000638598	0.000633454	0.223648
Ecoli_SRP_IDT2_mod_98nt	117	54	C	51	28	0.000922822	0.000915418	0.223648
Ecoli_SRP_IDT2_mod_98nt	117	55	C	177	57	0.00733329	0.00727962	0.223648
Ecoli_SRP_IDT2_mod_98nt	117	56	G	96	18	0.00529743	0.00525748	0.223648
Ecoli_SRP_IDT2_mod_98nt	117	57	G	436	77	0.024364	0.0242315	0.223648
Ecoli_SRP_IDT2_mod_98nt	117	58	A	195	52	0.00903906	0.00897462	0.223648
Ecoli_SRP_IDT2_mod_98nt	117	59	A	71	13	0.00389335	0.00386339	0.223648
Ecoli_SRP_IDT2_mod_98nt	117	60	G	67	26	0.00225758	0.0022398	0.223648
Ecoli_SRP_IDT2_mod_98nt	117	61	G	236	153	0.00162582	0.0016129	0.223648
Ecoli_SRP_IDT2_mod_98nt	117	62	A	125	72	0.00178063	0.00176651	0.223648
Ecoli_SRP_IDT2_mod_98nt	117	63	A	64	21	0.00253045	0.00251059	0.223648
Ecoli_SRP_IDT2_mod_98nt	117	64	G	112	68	0.0012286	0.00121878	0.223648
Ecoli_SRP_IDT2_mod_98nt	117	65	C	139	80	0.00196649	0.00195094	0.223648
Ecoli_SRP_IDT2_mod_98nt	117	66	A	147	57	0.00487746	0.00484045	0.223648
Ecoli_SRP_IDT2_mod_98nt	117	67	G	148	84	0.00219057	0.00217329	0.223648
Ecoli_SRP_IDT2_mod_98nt	117	68	C	40	25	0.000357323	0.000354434	0.223648
Ecoli_SRP_IDT2_mod_98nt	117	69	C	93	68	0	0	0.223648
Ecoli_SRP_IDT2_mod_98nt	117	70	A	27	13	0.000633308	0.000628206	0.223648
Ecoli_SRP_IDT2_mod_98nt	117	71	A	24	9	0.000821448	0.000814847	0.223648
Ecoli_SRP_IDT2_mod_98nt	117	72	G	29	22	0	0	0.223648
Ecoli_SRP_IDT2_mod_98nt	117	73	G	102	43	0.00300299	0.00297958	0.223648
Ecoli_SRP_IDT2_mod_98nt	117	74	C	81	59	0	0	0.223648
Ecoli_SRP_IDT2_mod_98nt	117	75	A	12	8	5.53211e-05	5.48719e-05	0.223648
Ecoli_SRP_IDT2_mod_98nt	117	76	G	234	103	0.00640884	0.00636128	0.223648
Ecoli_SRP_IDT2_mod_98nt	117	77	A	14	8	0.000197295	0.000195696	0.223648
Ecoli_SRP_IDT2_mod_98nt	117	78	T	7	3	0.00019938	0.000197764	0.223648
Ecoli_SRP_IDT2_mod_98nt	117	79	G	74	31	0.002177	0.00215983	0.223648
Ecoli_SRP_IDT2_mod_98nt	117	80	A	8	5	6.91682e-05	6.86067e-05	0.223648
Ecoli_SRP_IDT2_mod_98nt	117	81	C	110	38	0.00403994	0.00400891	0.223648
Ecoli_SRP_IDT2_mod_98nt	117	82	G	16	8	0.00033829	0.000335554	0.223648
Ecoli_SRP_IDT2_mod_98nt	117	83	C	45	11	0.00210645	0.00208982	0.223648
Ecoli_SRP_IDT2_mod_98nt	117	84	G	16	7	0.000438058	0.00043452	0.223648
Ecoli_SRP_IDT2_mod_98nt	117	85	T	8	2	0.000369759	0.00036677	0.223648
Ecoli_SRP_IDT2_mod_98nt	117	86	G	24	1	0.0016113	0.00159849	0.223648
Ecoli_SRP_IDT2_mod_98nt	117	87	T	9	2	0.000440792	0.000437232	0.223648
Ecoli_SRP_IDT2_mod_98nt	117	88	G	13	9	2.23208e-05	2.21395e-05	0.223648
Ecoli_SRP_IDT2_mod_98nt	117	89	C	5	1	0.00025597	0.000253898	0.223648
Ecoli_SRP_IDT2_mod_98nt	117	90	C	7	3	0.000197517	0.000195917	0.223648
Ecoli_SRP_IDT2_mod_98nt	117	91	G	2	4	0	0	0.223648
Ecoli_SRP_IDT2_mod_98nt	117	92	G	6	3	0.000126219	0.000125195	0.223648
Ecoli_SRP_IDT2_mod_98nt	117	93	G	46	69	0	0	0.223648
Ecoli_SRP_IDT2_mod_98nt	117	94	A	59	164	0	0	0.223648
Ecoli_SRP_IDT2_mod_98nt	117	95	T	13	60	0	0	0.223648
Ecoli_SRP_IDT2_mod_98nt	117	96	G	6971	46175	0	0	0.223648
Ecoli_SRP_IDT2_mod_98nt	117	97	T	6733	23396	0	0	0.223648
Ecoli_SRP_IDT2_mod_98nt	117	98	A	1259	2443	0	0	0.223648
Ecoli_SRP_IDT2_mod_98nt	117	99	C	4	15	0	0	0.223648
Ecoli_SRP_IDT2_mod_98nt	117	100	T	20	62	0	0	0.223648
Ecoli_SRP_IDT2_mod_98nt	117	101	G	40	81	0	0	0.223648
Ecoli_SRP_IDT2_mod_98nt	117	102	A	0	1	0	0	0.223648
Ecoli_SRP_IDT2_mod_98nt	117	103	C	0	0	0	0	0.223648
Ecoli_SRP_IDT2_mod_98nt	117	104	T	0	1	0	0	0.223648
Ecoli_SRP_IDT2_mod_98nt	117	105	C	0	0	0	0	0.223648
Ecoli_SRP_IDT2_mod_98nt	117	106	G	0	0	0	0	0.223648
Ecoli_SRP_IDT2_mod_98nt	117	107	G	0	0	0	0	0.223648
Ecoli_SRP_IDT2_mod_98nt	117	108	G	0	0	0	0	0.223648
Ecoli_SRP_IDT2_mod_98nt	117	109	C	0	0	0	0	0.223648
Ecoli_SRP_IDT2_mod_98nt	117	110	A	0	0	0	0	0.223648
Ecoli_SRP_IDT2_mod_98nt	117	111	C	0	0	0	0	0.223648
Ecoli_SRP_IDT2_mod_98nt	117	112	C	0	0	0	0	0.223648
Ecoli_SRP_IDT2_mod_98nt	117	113	A	0	0	0	0	0.223648
Ecoli_SRP_IDT2_mod_98nt	117	114	A	0	0	0	0	0.223648
Ecoli_SRP_IDT2_mod_98nt	117	115	G	0	0	0	0	0.223648
Ecoli_SRP_IDT2_mod_98nt	117	116	G	0	0	0	0	0.223648
