sequence	rt_start	five_prime_offset	nucleotide	treated_mods	untreated_mods	beta	theta	c
Ecoli_SRP_IDT2_mod_115nt	134	0	*	31051	20104	-	-	0.122036
Ecoli_SRP_IDT2_mod_115nt	134	1	A	1807	296	0.339677	0.343735	0.122036
Ecoli_SRP_IDT2_mod_115nt	134	2	T	387	78	0.0650061	0.0646767	0.122036
Ecoli_SRP_IDT2_mod_115nt	134	3	C	59	9	0.0110207	0.010929	0.122036
Ecoli_SRP_IDT2_mod_115nt	134	4	G	26	7	0.00362713	0.00359534	0.122036
Ecoli_SRP_IDT2_mod_115nt	134	5	G	10	6	6.00233e-05	5.94843e-05	0.122036
Ecoli_SRP_IDT2_mod_115nt	134	6	G	38	18	0.00216161	0.00214248	0.122036
Ecoli_SRP_IDT2_mod_115nt	134	7	G	32	21	0	0	0.122036
Ecoli_SRP_IDT2_mod_115nt	134	8	G	74	77	0	0	0.122036
Ecoli_SRP_IDT2_mod_115nt	134	9	C	30	24	0	0	0.122036
Ecoli_SRP_IDT2_mod_115nt	134	10	T	51	57	0	0	0.122036
Ecoli_SRP_IDT2_mod_115nt	134	11	C	125	63	0.0056034	0.00555495	0.122036
Ecoli_SRP_IDT2_mod_115nt	134	12	T	45	19	0.00347218	0.00344172	0.122036
Ecoli_SRP_IDT2_mod_115nt	134	13	G	27	23	0	0	0.122036
Ecoli_SRP_IDT2_mod_115nt	134	14	T	96	57	0.000851823	0.000844215	0.122036
Ecoli_SRP_IDT2_mod_115nt	134	15	T	114	50	0.00799324	0.00792527	0.122036
Ecoli_SRP_IDT2_mod_115nt	134	16	G	55	51	0	0	0.122036
Ecoli_SRP_IDT2_mod_115nt	134	17	G	3061	2841	0	0	0.122036
Ecoli_SRP_IDT2_mod_115nt	134	18	T	480	377	0	0	0.122036
Ecoli_SRP_IDT2_mod_115nt	134	19	T	34	22	0	0	0.122036
Ecoli_SRP_IDT2_mod_115nt	134	20	C	27	24	0	0	0.122036
Ecoli_SRP_IDT2_mod_115nt	134	21	T	25	22	0	0	0.122036
Ecoli_SRP_IDT2_mod_115nt	134	22	C	51	55	0	0	0.122036
Ecoli_SRP_IDT2_mod_115nt	134	23	C	103	64	0.00080891	0.000801683	0.122036
Ecoli_SRP_IDT2_mod_115nt	134	24	C	144	96	0	0	0.122036
Ecoli_SRP_IDT2_mod_115nt	134	25	G	85	57	0	0	0.122036
Ecoli_SRP_IDT2_mod_115nt	134	26	C	142	106	0	0	0.122036
Ecoli_SRP_IDT2_mod_115nt	134	27	A	89	63	0	0	0.122036
Ecoli_SRP_IDT2_mod_115nt	134	28	A	24	15	0.000161538	0.000160088	0.122036
Ecoli_SRP_IDT2_mod_115nt	134	29	C	149	63	0.0110431	0.0109512	0.122036
Ecoli_SRP_IDT2_mod_115nt	134	30	G	24	17	0	0	0.122036
Ecoli_SRP_IDT2_mod_115nt	134	31	C	355	170	0.019412	0.0192602	0.122036
Ecoli_SRP_IDT2_mod_115nt	134	32	T	256	113	0.0169697	0.0168345	0.122036
Ecoli_SRP_IDT2_mod_115nt	134	33	A	54	23	0.00383387	0.00380031	0.122036
Ecoli_SRP_IDT2_mod_115nt	134	34	C	32	32	0	0	0.122036
Ecoli_SRP_IDT2_mod_115nt	134	35	T	82	27	0.00840828	0.00833699	0.122036
Ecoli_SRP_IDT2_mod_115nt	134	36	C	103	67	0	0	0.122036
Ecoli_SRP_IDT2_mod_115nt	134	37	T	188	71	0.0161467	0.0160173	0.122036
Ecoli_SRP_IDT2_mod_115nt	134	38	G	150	90	0.00193317	0.00191602	0.122036
Ecoli_SRP_IDT2_mod_115nt	134	39	T	37	32	0	0	0.122036
Ecoli_SRP_IDT2_mod_115nt	134	40	T	173	64	0.0151176	0.0149955	0.122036
Ecoli_SRP_IDT2_mod_115nt	134	41	T	1051	312	0.113553	0.113313	0.122036
Ecoli_SRP_IDT2_mod_115nt	134	42	A	448	143	0.0441257	0.0438465	0.122036
Ecoli_SRP_IDT2_mod_115nt	134	43	C	248	101	0.0172236	0.0170867	0.122036
Ecoli_SRP_IDT2_mod_115nt	134	44	C	873	295	0.0779915	0.0776578	0.122036
Ecoli_SRP_IDT2_mod_115nt	134	45	A	139	20	0.0206833	0.0205232	0.122036
Ecoli_SRP_IDT2_mod_115nt	134	46	G	80	43	0.00200701	0.00198922	0.122036
Ecoli_SRP_IDT2_mod_115nt	134	47	G	215	113	0.00615711	0.00610407	0.122036
Ecoli_SRP_IDT2_mod_115nt	134	48	T	68	39	0.000920191	0.000911976	0.122036
Ecoli_SRP_IDT2_mod_115nt	134	49	C	252	135	0.00633722	0.0062827	0.122036
Ecoli_SRP_IDT2_mod_115nt	134	50	A	53	14	0.00578092	0.005731	0.122036
Ecoli_SRP_IDT2_mod_115nt	134	51	G	23	20	0	0	0.122036
Ecoli_SRP_IDT2_mod_115nt	134	52	G	88	55	0	0	0.122036
Ecoli_SRP_IDT2_mod_115nt	134	53	T	31	21	0	0	0.122036
Ecoli_SRP_IDT2_mod_115nt	134	54	C	45	16	0.00361726	0.00358555	0.122036
Ecoli_SRP_IDT2_mod_115nt	134	55	C	122	40	0.0108128	0.0107227	0.122036
Ecoli_SRP_IDT2_mod_115nt	134	56	G	78	23	0.00768204	0.00761657	0.122036
Ecoli_SRP_IDT2_mod_115nt	134	57	G	375	72	0.0483614	0.0480677	0.122036
Ecoli_SRP_IDT2_mod_115nt	134	58	A	177	44	0.0196119	0.0194588	0.122036
Ecoli_SRP_IDT2_mod_115nt	134	59	A	50	7	0.00718705	0.00712558	0.122036
Ecoli_SRP_IDT2_mod_115nt	134	60	G	51	21	0.00307829	0.00305121	0.122036
Ecoli_SRP_IDT2_mod_115nt	134	61	G	188	69	0.0138555	0.0137425	0.122036
Ecoli_SRP_IDT2_mod_115nt	134	62	A	86	39	0.00404312	0.00400779	0.122036
Ecoli_SRP_IDT2_mod_115nt	134	63	A	42	14	0.00350743	0.00347666	0.122036
Ecoli_SRP_IDT2_mod_115nt	134	64	G	93	86	0	0	0.122036
Ecoli_SRP_IDT2_mod_115nt	134	65	C	105	47	0.00509928	0.00505503	0.122036
Ecoli_SRP_IDT2_mod_115nt	134	66	A	79	30	0.00544678	0.00539963	0.122036
Ecoli_SRP_IDT2_mod_115nt	134	67	G	75	42	0.00106743	0.00105791	0.122036
Ecoli_SRP_IDT2_mod_115nt	134	68	C	77	76	0	0	0.122036
Ecoli_SRP_IDT2_mod_115nt	134	69	C	98	117	0	0	0.122036
Ecoli_SRP_IDT2_mod_115nt	134	70	A	27	14	0.000732576	0.000726027	0.122036
Ecoli_SRP_IDT2_mod_115nt	134	71	A	30	15	0.000979715	0.000970972	0.122036
Ecoli_SRP_IDT2_mod_115nt	134	72	G	36	24	0	0	0.122036
Ecoli_SRP_IDT2_mod_115nt	134	73	G	85	58	0	0	0.122036
Ecoli_SRP_IDT2_mod_115nt	134	74	C	84	102	0	0	0.122036
Ecoli_SRP_IDT2_mod_115nt	134	75	A	4	1	0.000429302	0.000425457	0.122036
Ecoli_SRP_IDT2_mod_115nt	134	76	G	102	93	0	0	0.122036
Ecoli_SRP_IDT2_mod_115nt	134	77	A	27	8	0.00252056	0.0024983	0.122036
Ecoli_SRP_IDT2_mod_115nt	134	78	T	12	6	0.000393816	0.000390288	0.122036
Ecoli_SRP_IDT2_mod_115nt	134	79	G	79	54	0	0	0.122036
Ecoli_SRP_IDT2_mod_115nt	134	80	A	19	13	0	0	0.122036
Ecoli_SRP_IDT2_mod_115nt	134	81	C	49	38	0	0	0.122036
Ecoli_SRP_IDT2_mod_115nt	134	82	G	23	14	1.45192e-05	1.43887e-05	0.122036
Ecoli_SRP_IDT2_mod_115nt	134	83	C	76	38	0.00248636	0.0024644	0.122036
Ecoli_SRP_IDT2_mod_115nt	134	84	G	57	33	0.000532845	0.000528075	0.122036
Ecoli_SRP_IDT2_mod_115nt	134	85	T	40	12	0.00366106	0.00362898	0.122036
Ecoli_SRP_IDT2_mod_115nt	134	86	G	109	29	0.0110367	0.0109449	0.122036
Ecoli_SRP_IDT2_mod_115nt	134	87	T	60	34	0.000756251	0.000749492	0.122036
Ecoli_SRP_IDT2_mod_115nt	134	88	G	53	29	0.000970044	0.000961386	0.122036
Ecoli_SRP_IDT2_mod_115nt	134	89	C	22	10	0.00100053	0.000991603	0.122036
Ecoli_SRP_IDT2_mod_115nt	134	90	C	18	5	0.00175225	0.00173669	0.122036
Ecoli_SRP_IDT2_mod_115nt	134	91	G	11	10	0	0	0.122036
Ecoli_SRP_IDT2_mod_115nt	134	92	G	5	11	0	0	0.122036
Ecoli_SRP_IDT2_mod_115nt	134	93	G	241	281	0	0	0.122036
Ecoli_SRP_IDT2_mod_115nt	134	94	A	60	24	0.00369679	0.0036644	0.122036
Ecoli_SRP_IDT2_mod_115nt	134	95	T	24	12	0.000780303	0.00077333	0.122036
Ecoli_SRP_IDT2_mod_115nt	134	96	G	75	54	0	0	0.122036
Ecoli_SRP_IDT2_mod_115nt	134	97	T	104	46	0.00510523	0.00506093	0.122036
Ecoli_SRP_IDT2_mod_115nt	134	98	A	11	8	0	0	0.122036
Ecoli_SRP_IDT2_mod_115nt	134	99	G	7	11	0	0	0.122036
Ecoli_SRP_IDT2_mod_115nt	134	100	C	4	3	0	0	0.122036
Ecoli_SRP_IDT2_mod_115nt	134	101	T	14	12	0	0	0.122036
Ecoli_SRP_IDT2_mod_115nt	134	102	G	22	13	0.000134219	0.000133015	0.122036
Ecoli_SRP_IDT2_mod_115nt	134	103	G	24	28	0	0	0.122036
Ecoli_SRP_IDT2_mod_115nt	134	104	C	115	129	0	0	0.122036
Ecoli_SRP_IDT2_mod_115nt	134	105	A	4	2	0.00013042	0.00012925	0.122036
Ecoli_SRP_IDT2_mod_115nt	134	106	G	13	3	0.00142834	0.00141563	0.122036
Ecoli_SRP_IDT2_mod_115nt	134	107	G	63	50	0	0	0.122036
Ecoli_SRP_IDT2_mod_115nt	134	108	G	93	88	0	0	0.122036
Ecoli_SRP_IDT2_mod_115nt	134	109	C	18	33	0	0	0.122036
Ecoli_SRP_IDT2_mod_115nt	134	110	C	28	50	0	0	0.122036
Ecoli_SRP_IDT2_mod_115nt	134	111	C	57	62	0	0	0.122036
Ecoli_SRP_IDT2_mod_115nt	134	112	C	1	7	0	0	0.122036
Ecoli_SRP_IDT2_mod_115nt	134	113	C	101	232	0	0	0.122036
Ecoli_SRP_IDT2_mod_115nt	134	114	A	31	118	0	0	0.122036
Ecoli_SRP_IDT2_mod_115nt	134	115	C	1233	2295	0	0	0.122036
Ecoli_SRP_IDT2_mod_115nt	134	116	C	6	9	0	0	0.122036
Ecoli_SRP_IDT2_mod_115nt	134	117	T	19	66	0	0	0.122036
Ecoli_SRP_IDT2_mod_115nt	134	118	G	34	76	0	0	0.122036
Ecoli_SRP_IDT2_mod_115nt	134	119	A	0	0	0	0	0.122036
Ecoli_SRP_IDT2_mod_115nt	134	120	C	0	0	0	0	0.122036
Ecoli_SRP_IDT2_mod_115nt	134	121	T	0	0	0	0	0.122036
Ecoli_SRP_IDT2_mod_115nt	134	122	C	0	0	0	0	0.122036
Ecoli_SRP_IDT2_mod_115nt	134	123	G	0	0	0	0	0.122036
Ecoli_SRP_IDT2_mod_115nt	134	124	G	0	0	0	0	0.122036
Ecoli_SRP_IDT2_mod_115nt	134	125	G	0	0	0	0	0.122036
Ecoli_SRP_IDT2_mod_115nt	134	126	C	0	0	0	0	0.122036
Ecoli_SRP_IDT2_mod_115nt	134	127	A	0	0	0	0	0.122036
Ecoli_SRP_IDT2_mod_115nt	134	128	C	0	0	0	0	0.122036
Ecoli_SRP_IDT2_mod_115nt	134	129	C	0	0	0	0	0.122036
Ecoli_SRP_IDT2_mod_115nt	134	130	A	0	0	0	0	0.122036
Ecoli_SRP_IDT2_mod_115nt	134	131	A	0	0	0	0	0.122036
Ecoli_SRP_IDT2_mod_115nt	134	132	G	0	0	0	0	0.122036
Ecoli_SRP_IDT2_mod_115nt	134	133	G	0	0	0	0	0.122036
