sequence	rt_start	five_prime_offset	nucleotide	treated_mods	untreated_mods	beta	theta	c
Ecoli_SRP_IDT2_mod_94nt	113	0	*	4000	5679	-	-	0.215776
Ecoli_SRP_IDT2_mod_94nt	113	1	A	242	74	0.209099	0.21223	0.215776
Ecoli_SRP_IDT2_mod_94nt	113	2	T	54	16	0.0458902	0.045752	0.215776
Ecoli_SRP_IDT2_mod_94nt	113	3	C	7	3	0.00517403	0.00513592	0.215776
Ecoli_SRP_IDT2_mod_94nt	113	4	G	4	3	0.00191272	0.00189797	0.215776
Ecoli_SRP_IDT2_mod_94nt	113	5	G	2	1	0.00135968	0.00134912	0.215776
Ecoli_SRP_IDT2_mod_94nt	113	6	G	7	3	0.00515407	0.0051161	0.215776
Ecoli_SRP_IDT2_mod_94nt	113	7	G	5	3	0.00298325	0.00296058	0.215776
Ecoli_SRP_IDT2_mod_94nt	113	8	G	20	25	0.00141726	0.00140625	0.215776
Ecoli_SRP_IDT2_mod_94nt	113	9	C	7	16	0	0	0.215776
Ecoli_SRP_IDT2_mod_94nt	113	10	T	20	19	0.00621657	0.00617147	0.215776
Ecoli_SRP_IDT2_mod_94nt	113	11	C	54	29	0.0341397	0.0339939	0.215776
Ecoli_SRP_IDT2_mod_94nt	113	12	T	12	5	0.0086749	0.00861423	0.215776
Ecoli_SRP_IDT2_mod_94nt	113	13	G	12	5	0.00864412	0.00858364	0.215776
Ecoli_SRP_IDT2_mod_94nt	113	14	T	48	14	0.0388931	0.0387468	0.215776
Ecoli_SRP_IDT2_mod_94nt	113	15	T	38	11	0.0305252	0.0303829	0.215776
Ecoli_SRP_IDT2_mod_94nt	113	16	G	20	7	0.0150122	0.0149174	0.215776
Ecoli_SRP_IDT2_mod_94nt	113	17	G	692	777	0.083596	0.0836853	0.215776
Ecoli_SRP_IDT2_mod_94nt	113	18	T	133	96	0.0501716	0.0500437	0.215776
Ecoli_SRP_IDT2_mod_94nt	113	19	T	15	7	0.00819006	0.00813236	0.215776
Ecoli_SRP_IDT2_mod_94nt	113	20	C	3	5	0	0	0.215776
Ecoli_SRP_IDT2_mod_94nt	113	21	T	7	3	0.00399443	0.00396451	0.215776
Ecoli_SRP_IDT2_mod_94nt	113	22	C	9	6	0.00365548	0.00362796	0.215776
Ecoli_SRP_IDT2_mod_94nt	113	23	C	5	13	0	0	0.215776
Ecoli_SRP_IDT2_mod_94nt	113	24	C	22	27	0.000479646	0.000475874	0.215776
Ecoli_SRP_IDT2_mod_94nt	113	25	G	28	25	0.00696061	0.00691066	0.215776
Ecoli_SRP_IDT2_mod_94nt	113	26	C	51	37	0.0182641	0.018155	0.215776
Ecoli_SRP_IDT2_mod_94nt	113	27	A	40	14	0.0242276	0.0240984	0.215776
Ecoli_SRP_IDT2_mod_94nt	113	28	A	7	4	0.00318137	0.00315726	0.215776
Ecoli_SRP_IDT2_mod_94nt	113	29	C	29	15	0.0141583	0.0140675	0.215776
Ecoli_SRP_IDT2_mod_94nt	113	30	G	6	5	0.00164498	0.00163225	0.215776
Ecoli_SRP_IDT2_mod_94nt	113	31	C	86	53	0.0355669	0.0354204	0.215776
Ecoli_SRP_IDT2_mod_94nt	113	32	T	92	42	0.0468111	0.0466748	0.215776
Ecoli_SRP_IDT2_mod_94nt	113	33	A	8	3	0.00447269	0.00443941	0.215776
Ecoli_SRP_IDT2_mod_94nt	113	34	C	2	1	0.000951596	0.00094416	0.215776
Ecoli_SRP_IDT2_mod_94nt	113	35	T	15	12	0.00414178	0.00411082	0.215776
Ecoli_SRP_IDT2_mod_94nt	113	36	C	22	15	0.00775571	0.00770072	0.215776
Ecoli_SRP_IDT2_mod_94nt	113	37	T	38	6	0.026345	0.0262104	0.215776
Ecoli_SRP_IDT2_mod_94nt	113	38	G	28	22	0.00775832	0.0077033	0.215776
Ecoli_SRP_IDT2_mod_94nt	113	39	T	2	4	0	0	0.215776
Ecoli_SRP_IDT2_mod_94nt	113	40	T	21	7	0.0120045	0.0119248	0.215776
Ecoli_SRP_IDT2_mod_94nt	113	41	T	97	42	0.0482536	0.0481206	0.215776
Ecoli_SRP_IDT2_mod_94nt	113	42	A	31	13	0.0155266	0.0154294	0.215776
Ecoli_SRP_IDT2_mod_94nt	113	43	C	6	10	0	0	0.215776
Ecoli_SRP_IDT2_mod_94nt	113	44	C	39	31	0.00988691	0.00981905	0.215776
Ecoli_SRP_IDT2_mod_94nt	113	45	A	10	2	0.00636902	0.00632292	0.215776
Ecoli_SRP_IDT2_mod_94nt	113	46	G	7	2	0.00406367	0.00403326	0.215776
Ecoli_SRP_IDT2_mod_94nt	113	47	G	15	14	0.00240732	0.00238888	0.215776
Ecoli_SRP_IDT2_mod_94nt	113	48	T	3	5	0	0	0.215776
Ecoli_SRP_IDT2_mod_94nt	113	49	C	17	15	0.00327454	0.00324976	0.215776
Ecoli_SRP_IDT2_mod_94nt	113	50	A	5	5	0.000581405	0.000576838	0.215776
Ecoli_SRP_IDT2_mod_94nt	113	51	G	1	3	0	0	0.215776
Ecoli_SRP_IDT2_mod_94nt	113	52	G	7	7	0.000813477	0.000807108	0.215776
Ecoli_SRP_IDT2_mod_94nt	113	53	T	1	3	0	0	0.215776
Ecoli_SRP_IDT2_mod_94nt	113	54	C	8	1	0.0054245	0.00538469	0.215776
Ecoli_SRP_IDT2_mod_94nt	113	55	C	13	10	0.00342125	0.00339541	0.215776
Ecoli_SRP_IDT2_mod_94nt	113	56	G	3	0	0.00226914	0.00225173	0.215776
Ecoli_SRP_IDT2_mod_94nt	113	57	G	21	21	0.00239139	0.00237307	0.215776
Ecoli_SRP_IDT2_mod_94nt	113	58	A	16	7	0.00755967	0.00750591	0.215776
Ecoli_SRP_IDT2_mod_94nt	113	59	A	1	1	0.000112202	0.000111315	0.215776
Ecoli_SRP_IDT2_mod_94nt	113	60	G	4	6	0	0	0.215776
Ecoli_SRP_IDT2_mod_94nt	113	61	G	14	17	0	0	0.215776
Ecoli_SRP_IDT2_mod_94nt	113	62	A	13	9	0.0039982	0.00396825	0.215776
Ecoli_SRP_IDT2_mod_94nt	113	63	A	5	4	0.00119205	0.00118276	0.215776
Ecoli_SRP_IDT2_mod_94nt	113	64	G	5	12	0	0	0.215776
Ecoli_SRP_IDT2_mod_94nt	113	65	C	8	9	0.00025576	0.000253742	0.215776
Ecoli_SRP_IDT2_mod_94nt	113	66	A	8	17	0	0	0.215776
Ecoli_SRP_IDT2_mod_94nt	113	67	G	11	14	0	0	0.215776
Ecoli_SRP_IDT2_mod_94nt	113	68	C	3	8	0	0	0.215776
Ecoli_SRP_IDT2_mod_94nt	113	69	C	11	17	0	0	0.215776
Ecoli_SRP_IDT2_mod_94nt	113	70	A	4	3	0.0010777	0.00106929	0.215776
Ecoli_SRP_IDT2_mod_94nt	113	71	A	0	2	0	0	0.215776
Ecoli_SRP_IDT2_mod_94nt	113	72	G	9	2	0.00540691	0.00536722	0.215776
Ecoli_SRP_IDT2_mod_94nt	113	73	G	11	7	0.00373366	0.00370559	0.215776
Ecoli_SRP_IDT2_mod_94nt	113	74	C	10	7	0.00298628	0.00296359	0.215776
Ecoli_SRP_IDT2_mod_94nt	113	75	A	1	0	0.000737862	0.000732079	0.215776
Ecoli_SRP_IDT2_mod_94nt	113	76	G	12	14	6.15867e-05	6.10996e-05	0.215776
Ecoli_SRP_IDT2_mod_94nt	113	77	A	0	0	0	0	0.215776
Ecoli_SRP_IDT2_mod_94nt	113	78	T	1	0	0.00073635	0.000730579	0.215776
Ecoli_SRP_IDT2_mod_94nt	113	79	G	6	3	0.0025351	0.00251572	0.215776
Ecoli_SRP_IDT2_mod_94nt	113	80	A	0	1	0	0	0.215776
Ecoli_SRP_IDT2_mod_94nt	113	81	C	5	4	0.00117123	0.00116211	0.215776
Ecoli_SRP_IDT2_mod_94nt	113	82	G	1	1	0.000108865	0.000108004	0.215776
Ecoli_SRP_IDT2_mod_94nt	113	83	C	3	2	0.000952211	0.00094477	0.215776
Ecoli_SRP_IDT2_mod_94nt	113	84	G	6	1	0.00377817	0.00374978	0.215776
Ecoli_SRP_IDT2_mod_94nt	113	85	T	3	0	0.00220072	0.00218382	0.215776
Ecoli_SRP_IDT2_mod_94nt	113	86	G	3	1	0.00157412	0.00156193	0.215776
Ecoli_SRP_IDT2_mod_94nt	113	87	T	2	1	0.000840421	0.000833843	0.215776
Ecoli_SRP_IDT2_mod_94nt	113	88	G	12	13	0.000660772	0.000655588	0.215776
Ecoli_SRP_IDT2_mod_94nt	113	89	C	3	5	0	0	0.215776
Ecoli_SRP_IDT2_mod_94nt	113	90	C	11	20	0	0	0.215776
Ecoli_SRP_IDT2_mod_94nt	113	91	G	2	2	0.000214931	0.000213235	0.215776
Ecoli_SRP_IDT2_mod_94nt	113	92	G	9	27	0	0	0.215776
Ecoli_SRP_IDT2_mod_94nt	113	93	G	6597	23119	0	0	0.215776
Ecoli_SRP_IDT2_mod_94nt	113	94	A	1179	2281	0.0695049	0.0694729	0.215776
Ecoli_SRP_IDT2_mod_94nt	113	95	C	5	13	0	0	0.215776
Ecoli_SRP_IDT2_mod_94nt	113	96	T	22	61	0	0	0.215776
Ecoli_SRP_IDT2_mod_94nt	113	97	G	46	75	0.00448977	0.00445637	0.215776
Ecoli_SRP_IDT2_mod_94nt	113	98	A	0	0	0	0	0.215776
Ecoli_SRP_IDT2_mod_94nt	113	99	C	0	2	0	0	0.215776
Ecoli_SRP_IDT2_mod_94nt	113	100	T	0	1	0	0	0.215776
Ecoli_SRP_IDT2_mod_94nt	113	101	C	0	0	0	0	0.215776
Ecoli_SRP_IDT2_mod_94nt	113	102	G	0	0	0	0	0.215776
Ecoli_SRP_IDT2_mod_94nt	113	103	G	0	0	0	0	0.215776
Ecoli_SRP_IDT2_mod_94nt	113	104	G	0	0	0	0	0.215776
Ecoli_SRP_IDT2_mod_94nt	113	105	C	0	0	0	0	0.215776
Ecoli_SRP_IDT2_mod_94nt	113	106	A	0	0	0	0	0.215776
Ecoli_SRP_IDT2_mod_94nt	113	107	C	0	0	0	0	0.215776
Ecoli_SRP_IDT2_mod_94nt	113	108	C	0	0	0	0	0.215776
Ecoli_SRP_IDT2_mod_94nt	113	109	A	0	0	0	0	0.215776
Ecoli_SRP_IDT2_mod_94nt	113	110	A	0	0	0	0	0.215776
Ecoli_SRP_IDT2_mod_94nt	113	111	G	0	0	0	0	0.215776
Ecoli_SRP_IDT2_mod_94nt	113	112	G	0	0	0	0	0.215776
