sequence	rt_start	five_prime_offset	nucleotide	treated_mods	untreated_mods	beta	theta	c
Ecoli_SRP_IDT2_mod_96nt	115	0	*	4663	5743	-	-	0.264332
Ecoli_SRP_IDT2_mod_96nt	115	1	A	305	91	0.17742	0.180217	0.264332
Ecoli_SRP_IDT2_mod_96nt	115	2	T	88	20	0.0535328	0.0534782	0.264332
Ecoli_SRP_IDT2_mod_96nt	115	3	C	8	4	0.00342315	0.00339712	0.264332
Ecoli_SRP_IDT2_mod_96nt	115	4	G	4	3	0.00105852	0.00105015	0.264332
Ecoli_SRP_IDT2_mod_96nt	115	5	G	4	1	0.00235754	0.00233929	0.264332
Ecoli_SRP_IDT2_mod_96nt	115	6	G	2	7	0	0	0.264332
Ecoli_SRP_IDT2_mod_96nt	115	7	G	6	2	0.0032064	0.00318193	0.264332
Ecoli_SRP_IDT2_mod_96nt	115	8	G	33	13	0.0162246	0.0161283	0.264332
Ecoli_SRP_IDT2_mod_96nt	115	9	C	10	12	0	0	0.264332
Ecoli_SRP_IDT2_mod_96nt	115	10	T	30	21	0.00869875	0.00863859	0.264332
Ecoli_SRP_IDT2_mod_96nt	115	11	C	71	35	0.0295813	0.0294576	0.264332
Ecoli_SRP_IDT2_mod_96nt	115	12	T	25	12	0.010512	0.0104418	0.264332
Ecoli_SRP_IDT2_mod_96nt	115	13	G	4	4	0.000348162	0.000345375	0.264332
Ecoli_SRP_IDT2_mod_96nt	115	14	T	70	18	0.038802	0.0386868	0.264332
Ecoli_SRP_IDT2_mod_96nt	115	15	T	70	11	0.0425852	0.04248	0.264332
Ecoli_SRP_IDT2_mod_96nt	115	16	G	27	15	0.00950693	0.00944219	0.264332
Ecoli_SRP_IDT2_mod_96nt	115	17	G	971	953	0.0667413	0.0667903	0.264332
Ecoli_SRP_IDT2_mod_96nt	115	18	T	197	98	0.0619869	0.0619932	0.264332
Ecoli_SRP_IDT2_mod_96nt	115	19	T	20	3	0.00992802	0.00986096	0.264332
Ecoli_SRP_IDT2_mod_96nt	115	20	C	5	7	0	0	0.264332
Ecoli_SRP_IDT2_mod_96nt	115	21	T	12	2	0.00583158	0.00578908	0.264332
Ecoli_SRP_IDT2_mod_96nt	115	22	C	11	9	0.00147842	0.00146681	0.264332
Ecoli_SRP_IDT2_mod_96nt	115	23	C	27	18	0.00580306	0.00576074	0.264332
Ecoli_SRP_IDT2_mod_96nt	115	24	C	59	32	0.0164411	0.016344	0.264332
Ecoli_SRP_IDT2_mod_96nt	115	25	G	33	24	0.00586387	0.00582115	0.264332
Ecoli_SRP_IDT2_mod_96nt	115	26	C	77	50	0.0166436	0.0165458	0.264332
Ecoli_SRP_IDT2_mod_96nt	115	27	A	63	12	0.0285558	0.0284325	0.264332
Ecoli_SRP_IDT2_mod_96nt	115	28	A	15	10	0.00300808	0.00298505	0.264332
Ecoli_SRP_IDT2_mod_96nt	115	29	C	41	19	0.0125322	0.0124518	0.264332
Ecoli_SRP_IDT2_mod_96nt	115	30	G	3	3	6.7637e-05	6.70933e-05	0.264332
Ecoli_SRP_IDT2_mod_96nt	115	31	C	130	71	0.0333346	0.0332117	0.264332
Ecoli_SRP_IDT2_mod_96nt	115	32	T	152	68	0.0454429	0.0453479	0.264332
Ecoli_SRP_IDT2_mod_96nt	115	33	A	19	6	0.0069	0.00685067	0.264332
Ecoli_SRP_IDT2_mod_96nt	115	34	C	13	7	0.00321896	0.0031944	0.264332
Ecoli_SRP_IDT2_mod_96nt	115	35	T	19	24	0	0	0.264332
Ecoli_SRP_IDT2_mod_96nt	115	36	C	25	14	0.00587603	0.00583323	0.264332
Ecoli_SRP_IDT2_mod_96nt	115	37	T	46	17	0.0151853	0.0150931	0.264332
Ecoli_SRP_IDT2_mod_96nt	115	38	G	29	18	0.005805	0.00576267	0.264332
Ecoli_SRP_IDT2_mod_96nt	115	39	T	9	5	0.00209367	0.00207739	0.264332
Ecoli_SRP_IDT2_mod_96nt	115	40	T	42	10	0.0164669	0.0163697	0.264332
Ecoli_SRP_IDT2_mod_96nt	115	41	T	220	73	0.0734706	0.0735904	0.264332
Ecoli_SRP_IDT2_mod_96nt	115	42	A	56	16	0.0196788	0.019571	0.264332
Ecoli_SRP_IDT2_mod_96nt	115	43	C	25	19	0.00279256	0.0027711	0.264332
Ecoli_SRP_IDT2_mod_96nt	115	44	C	95	32	0.0303853	0.0302615	0.264332
Ecoli_SRP_IDT2_mod_96nt	115	45	A	16	2	0.00677599	0.00672744	0.264332
Ecoli_SRP_IDT2_mod_96nt	115	46	G	8	2	0.00288459	0.00286245	0.264332
Ecoli_SRP_IDT2_mod_96nt	115	47	G	47	20	0.0127458	0.0126644	0.264332
Ecoli_SRP_IDT2_mod_96nt	115	48	T	5	8	0	0	0.264332
Ecoli_SRP_IDT2_mod_96nt	115	49	C	41	17	0.0112502	0.0111762	0.264332
Ecoli_SRP_IDT2_mod_96nt	115	50	A	8	6	0.000857301	0.000850497	0.264332
Ecoli_SRP_IDT2_mod_96nt	115	51	G	5	4	0.000411102	0.000407816	0.264332
Ecoli_SRP_IDT2_mod_96nt	115	52	G	20	14	0.00262871	0.00260846	0.264332
Ecoli_SRP_IDT2_mod_96nt	115	53	T	3	4	0	0	0.264332
Ecoli_SRP_IDT2_mod_96nt	115	54	C	9	7	0.00083353	0.000826912	0.264332
Ecoli_SRP_IDT2_mod_96nt	115	55	C	17	15	0.000692835	0.000687321	0.264332
Ecoli_SRP_IDT2_mod_96nt	115	56	G	10	7	0.0013047	0.00129443	0.264332
Ecoli_SRP_IDT2_mod_96nt	115	57	G	54	15	0.0181542	0.0180511	0.264332
Ecoli_SRP_IDT2_mod_96nt	115	58	A	33	11	0.0101296	0.0100614	0.264332
Ecoli_SRP_IDT2_mod_96nt	115	59	A	10	2	0.00371559	0.00368749	0.264332
Ecoli_SRP_IDT2_mod_96nt	115	60	G	7	5	0.000831599	0.000824996	0.264332
Ecoli_SRP_IDT2_mod_96nt	115	61	G	43	24	0.0083561	0.00829794	0.264332
Ecoli_SRP_IDT2_mod_96nt	115	62	A	17	14	0.00108377	0.0010752	0.264332
Ecoli_SRP_IDT2_mod_96nt	115	63	A	5	5	0	0	0.264332
Ecoli_SRP_IDT2_mod_96nt	115	64	G	14	26	0	0	0.264332
Ecoli_SRP_IDT2_mod_96nt	115	65	C	20	20	0	0	0.264332
Ecoli_SRP_IDT2_mod_96nt	115	66	A	31	15	0.00706761	0.00701723	0.264332
Ecoli_SRP_IDT2_mod_96nt	115	67	G	9	14	0	0	0.264332
Ecoli_SRP_IDT2_mod_96nt	115	68	C	7	10	0	0	0.264332
Ecoli_SRP_IDT2_mod_96nt	115	69	C	13	14	0	0	0.264332
Ecoli_SRP_IDT2_mod_96nt	115	70	A	8	10	0	0	0.264332
Ecoli_SRP_IDT2_mod_96nt	115	71	A	8	4	0.0017515	0.0017378	0.264332
Ecoli_SRP_IDT2_mod_96nt	115	72	G	11	5	0.00264415	0.00262378	0.264332
Ecoli_SRP_IDT2_mod_96nt	115	73	G	26	19	0.00278404	0.00276264	0.264332
Ecoli_SRP_IDT2_mod_96nt	115	74	C	18	16	0.000556405	0.000551967	0.264332
Ecoli_SRP_IDT2_mod_96nt	115	75	A	5	1	0.00180203	0.00178795	0.264332
Ecoli_SRP_IDT2_mod_96nt	115	76	G	24	42	0	0	0.264332
Ecoli_SRP_IDT2_mod_96nt	115	77	A	4	4	0	0	0.264332
Ecoli_SRP_IDT2_mod_96nt	115	78	T	4	1	0.00134173	0.00133117	0.264332
Ecoli_SRP_IDT2_mod_96nt	115	79	G	13	8	0.00209663	0.00208033	0.264332
Ecoli_SRP_IDT2_mod_96nt	115	80	A	0	2	0	0	0.264332
Ecoli_SRP_IDT2_mod_96nt	115	81	C	9	10	0	0	0.264332
Ecoli_SRP_IDT2_mod_96nt	115	82	G	1	1	0	0	0.264332
Ecoli_SRP_IDT2_mod_96nt	115	83	C	4	3	0.000388476	0.000385369	0.264332
Ecoli_SRP_IDT2_mod_96nt	115	84	G	2	3	0	0	0.264332
Ecoli_SRP_IDT2_mod_96nt	115	85	T	3	1	0.000883806	0.000876795	0.264332
Ecoli_SRP_IDT2_mod_96nt	115	86	G	1	0	0.000452571	0.000448955	0.264332
Ecoli_SRP_IDT2_mod_96nt	115	87	T	2	1	0.000430862	0.000427418	0.264332
Ecoli_SRP_IDT2_mod_96nt	115	88	G	1	3	0	0	0.264332
Ecoli_SRP_IDT2_mod_96nt	115	89	C	0	2	0	0	0.264332
Ecoli_SRP_IDT2_mod_96nt	115	90	C	1	1	0	0	0.264332
Ecoli_SRP_IDT2_mod_96nt	115	91	G	3	0	0.00135659	0.00134591	0.264332
Ecoli_SRP_IDT2_mod_96nt	115	92	G	12	11	0.000214614	0.000212893	0.264332
Ecoli_SRP_IDT2_mod_96nt	115	93	G	25	34	0	0	0.264332
Ecoli_SRP_IDT2_mod_96nt	115	94	A	22	83	0	0	0.264332
Ecoli_SRP_IDT2_mod_96nt	115	95	T	46	152	0	0	0.264332
Ecoli_SRP_IDT2_mod_96nt	115	96	G	1137	2308	0	0	0.264332
Ecoli_SRP_IDT2_mod_96nt	115	97	C	4	8	0	0	0.264332
Ecoli_SRP_IDT2_mod_96nt	115	98	T	12	56	0	0	0.264332
Ecoli_SRP_IDT2_mod_96nt	115	99	G	34	72	0	0	0.264332
Ecoli_SRP_IDT2_mod_96nt	115	100	A	2	0	0.000784091	0.00077786	0.264332
Ecoli_SRP_IDT2_mod_96nt	115	101	C	0	1	0	0	0.264332
Ecoli_SRP_IDT2_mod_96nt	115	102	T	0	0	0	0	0.264332
Ecoli_SRP_IDT2_mod_96nt	115	103	C	0	0	0	0	0.264332
Ecoli_SRP_IDT2_mod_96nt	115	104	G	0	0	0	0	0.264332
Ecoli_SRP_IDT2_mod_96nt	115	105	G	0	0	0	0	0.264332
Ecoli_SRP_IDT2_mod_96nt	115	106	G	0	0	0	0	0.264332
Ecoli_SRP_IDT2_mod_96nt	115	107	C	0	0	0	0	0.264332
Ecoli_SRP_IDT2_mod_96nt	115	108	A	0	0	0	0	0.264332
Ecoli_SRP_IDT2_mod_96nt	115	109	C	0	0	0	0	0.264332
Ecoli_SRP_IDT2_mod_96nt	115	110	C	0	0	0	0	0.264332
Ecoli_SRP_IDT2_mod_96nt	115	111	A	0	0	0	0	0.264332
Ecoli_SRP_IDT2_mod_96nt	115	112	A	0	0	0	0	0.264332
Ecoli_SRP_IDT2_mod_96nt	115	113	G	0	0	0	0	0.264332
Ecoli_SRP_IDT2_mod_96nt	115	114	G	0	0	0	0	0.264332
