sequence	rt_start	five_prime_offset	nucleotide	treated_mods	untreated_mods	beta	theta	c
Ecoli_SRP_IDT2_mod_82nt	101	0	*	18434	22740	-	-	0.186464
Ecoli_SRP_IDT2_mod_82nt	101	1	A	843	351	0.156087	0.157663	0.186464
Ecoli_SRP_IDT2_mod_82nt	101	2	T	200	68	0.0396212	0.0395845	0.186464
Ecoli_SRP_IDT2_mod_82nt	101	3	C	18	9	0.00288276	0.00287025	0.186464
Ecoli_SRP_IDT2_mod_82nt	101	4	G	9	2	0.00202127	0.00201234	0.186464
Ecoli_SRP_IDT2_mod_82nt	101	5	G	3	1	0.000596096	0.000593384	0.186464
Ecoli_SRP_IDT2_mod_82nt	101	6	G	17	17	0.000741824	0.00073846	0.186464
Ecoli_SRP_IDT2_mod_82nt	101	7	G	20	13	0.002496	0.00248509	0.186464
Ecoli_SRP_IDT2_mod_82nt	101	8	G	74	59	0.00667355	0.00664694	0.186464
Ecoli_SRP_IDT2_mod_82nt	101	9	C	28	35	0	0	0.186464
Ecoli_SRP_IDT2_mod_82nt	101	10	T	84	71	0.00658704	0.00656072	0.186464
Ecoli_SRP_IDT2_mod_82nt	101	11	C	210	71	0.040543	0.040509	0.186464
Ecoli_SRP_IDT2_mod_82nt	101	12	T	96	35	0.0178075	0.0177549	0.186464
Ecoli_SRP_IDT2_mod_82nt	101	13	G	54	22	0.00944552	0.00941029	0.186464
Ecoli_SRP_IDT2_mod_82nt	101	14	T	176	47	0.0361055	0.0360602	0.186464
Ecoli_SRP_IDT2_mod_82nt	101	15	T	197	50	0.0405357	0.0405016	0.186464
Ecoli_SRP_IDT2_mod_82nt	101	16	G	59	46	0.00501427	0.0049935	0.186464
Ecoli_SRP_IDT2_mod_82nt	101	17	G	2904	3318	0.00535015	0.00532816	0.186464
Ecoli_SRP_IDT2_mod_82nt	101	18	T	547	359	0.052815	0.0528312	0.186464
Ecoli_SRP_IDT2_mod_82nt	101	19	T	50	28	0.0057022	0.00567895	0.186464
Ecoli_SRP_IDT2_mod_82nt	101	20	C	14	17	0	0	0.186464
Ecoli_SRP_IDT2_mod_82nt	101	21	T	29	8	0.00491885	0.00489844	0.186464
Ecoli_SRP_IDT2_mod_82nt	101	22	C	43	23	0.0050895	0.00506846	0.186464
Ecoli_SRP_IDT2_mod_82nt	101	23	C	91	62	0.00810992	0.00807867	0.186464
Ecoli_SRP_IDT2_mod_82nt	101	24	C	141	77	0.0161852	0.0161349	0.186464
Ecoli_SRP_IDT2_mod_82nt	101	25	G	181	145	0.011599	0.011558	0.186464
Ecoli_SRP_IDT2_mod_82nt	101	26	C	311	216	0.0259489	0.0258918	0.186464
Ecoli_SRP_IDT2_mod_82nt	101	27	A	175	40	0.0300293	0.0299747	0.186464
Ecoli_SRP_IDT2_mod_82nt	101	28	A	77	22	0.0123073	0.0122647	0.186464
Ecoli_SRP_IDT2_mod_82nt	101	29	C	198	87	0.0255556	0.0254984	0.186464
Ecoli_SRP_IDT2_mod_82nt	101	30	G	33	13	0.00452837	0.00450941	0.186464
Ecoli_SRP_IDT2_mod_82nt	101	31	C	439	232	0.0480367	0.0480299	0.186464
Ecoli_SRP_IDT2_mod_82nt	101	32	T	424	186	0.0524045	0.0524186	0.186464
Ecoli_SRP_IDT2_mod_82nt	101	33	A	48	21	0.00589373	0.00586981	0.186464
Ecoli_SRP_IDT2_mod_82nt	101	34	C	26	14	0.00269102	0.0026793	0.186464
Ecoli_SRP_IDT2_mod_82nt	101	35	T	63	15	0.0100699	0.0100329	0.186464
Ecoli_SRP_IDT2_mod_82nt	101	36	C	98	54	0.00982608	0.00978977	0.186464
Ecoli_SRP_IDT2_mod_82nt	101	37	T	190	49	0.0293052	0.0292499	0.186464
Ecoli_SRP_IDT2_mod_82nt	101	38	G	138	59	0.0167548	0.0167037	0.186464
Ecoli_SRP_IDT2_mod_82nt	101	39	T	29	20	0.00208354	0.00207435	0.186464
Ecoli_SRP_IDT2_mod_82nt	101	40	T	162	25	0.0277425	0.0276861	0.186464
Ecoli_SRP_IDT2_mod_82nt	101	41	T	383	94	0.05816	0.0582069	0.186464
Ecoli_SRP_IDT2_mod_82nt	101	42	A	155	50	0.0211053	0.0210494	0.186464
Ecoli_SRP_IDT2_mod_82nt	101	43	C	54	36	0.00386505	0.00384864	0.186464
Ecoli_SRP_IDT2_mod_82nt	101	44	C	158	81	0.0157398	0.0156902	0.186464
Ecoli_SRP_IDT2_mod_82nt	101	45	A	27	7	0.00394997	0.00393322	0.186464
Ecoli_SRP_IDT2_mod_82nt	101	46	G	44	19	0.00501662	0.00499585	0.186464
Ecoli_SRP_IDT2_mod_82nt	101	47	G	197	95	0.0204566	0.0204011	0.186464
Ecoli_SRP_IDT2_mod_82nt	101	48	T	22	35	0	0	0.186464
Ecoli_SRP_IDT2_mod_82nt	101	49	C	152	97	0.0112827	0.0112426	0.186464
Ecoli_SRP_IDT2_mod_82nt	101	50	A	41	8	0.00637087	0.00634529	0.186464
Ecoli_SRP_IDT2_mod_82nt	101	51	G	26	1	0.00478484	0.00476492	0.186464
Ecoli_SRP_IDT2_mod_82nt	101	52	G	74	26	0.00932854	0.00929364	0.186464
Ecoli_SRP_IDT2_mod_82nt	101	53	T	27	13	0.0027514	0.00273943	0.186464
Ecoli_SRP_IDT2_mod_82nt	101	54	C	21	14	0.0014226	0.00141624	0.186464
Ecoli_SRP_IDT2_mod_82nt	101	55	C	56	24	0.006231	0.0062059	0.186464
Ecoli_SRP_IDT2_mod_82nt	101	56	G	15	12	0.00064376	0.000640834	0.186464
Ecoli_SRP_IDT2_mod_82nt	101	57	G	82	30	0.0100264	0.0099895	0.186464
Ecoli_SRP_IDT2_mod_82nt	101	58	A	75	18	0.0108641	0.010825	0.186464
Ecoli_SRP_IDT2_mod_82nt	101	59	A	21	6	0.00286196	0.00284954	0.186464
Ecoli_SRP_IDT2_mod_82nt	101	60	G	16	5	0.00210037	0.0020911	0.186464
Ecoli_SRP_IDT2_mod_82nt	101	61	G	63	36	0.00526757	0.00524588	0.186464
Ecoli_SRP_IDT2_mod_82nt	101	62	A	51	16	0.00665291	0.00662637	0.186464
Ecoli_SRP_IDT2_mod_82nt	101	63	A	41	22	0.00366864	0.00365299	0.186464
Ecoli_SRP_IDT2_mod_82nt	101	64	G	14	15	0	0	0.186464
Ecoli_SRP_IDT2_mod_82nt	101	65	C	29	24	0.00104874	0.00104401	0.186464
Ecoli_SRP_IDT2_mod_82nt	101	66	A	31	26	0.00105606	0.0010513	0.186464
Ecoli_SRP_IDT2_mod_82nt	101	67	G	29	15	0.00268487	0.00267318	0.186464
Ecoli_SRP_IDT2_mod_82nt	101	68	C	5	6	0	0	0.186464
Ecoli_SRP_IDT2_mod_82nt	101	69	C	9	6	0.000587377	0.000584705	0.186464
Ecoli_SRP_IDT2_mod_82nt	101	70	A	6	3	0.000573628	0.000571017	0.186464
Ecoli_SRP_IDT2_mod_82nt	101	71	A	1	2	0	0	0.186464
Ecoli_SRP_IDT2_mod_82nt	101	72	G	0	0	0	0	0.186464
Ecoli_SRP_IDT2_mod_82nt	101	73	G	2	2	8.97794e-06	8.93662e-06	0.186464
Ecoli_SRP_IDT2_mod_82nt	101	74	C	4	5	0	0	0.186464
Ecoli_SRP_IDT2_mod_82nt	101	75	A	0	2	0	0	0.186464
Ecoli_SRP_IDT2_mod_82nt	101	76	G	16	35	0	0	0.186464
Ecoli_SRP_IDT2_mod_82nt	101	77	A	4	5	0	0	0.186464
Ecoli_SRP_IDT2_mod_82nt	101	78	T	5	2	0.000568742	0.000566154	0.186464
Ecoli_SRP_IDT2_mod_82nt	101	79	G	20	17	0.000637303	0.000634406	0.186464
Ecoli_SRP_IDT2_mod_82nt	101	80	A	9	22	0	0	0.186464
Ecoli_SRP_IDT2_mod_82nt	101	81	C	41	140	0	0	0.186464
Ecoli_SRP_IDT2_mod_82nt	101	82	G	1234	2326	0	0	0.186464
Ecoli_SRP_IDT2_mod_82nt	101	83	C	7	11	0	0	0.186464
Ecoli_SRP_IDT2_mod_82nt	101	84	T	26	69	0	0	0.186464
Ecoli_SRP_IDT2_mod_82nt	101	85	G	32	72	0	0	0.186464
Ecoli_SRP_IDT2_mod_82nt	101	86	A	0	1	0	0	0.186464
Ecoli_SRP_IDT2_mod_82nt	101	87	C	0	1	0	0	0.186464
Ecoli_SRP_IDT2_mod_82nt	101	88	T	1	0	0.000178056	0.000177239	0.186464
Ecoli_SRP_IDT2_mod_82nt	101	89	C	0	0	0	0	0.186464
Ecoli_SRP_IDT2_mod_82nt	101	90	G	0	0	0	0	0.186464
Ecoli_SRP_IDT2_mod_82nt	101	91	G	0	0	0	0	0.186464
Ecoli_SRP_IDT2_mod_82nt	101	92	G	0	0	0	0	0.186464
Ecoli_SRP_IDT2_mod_82nt	101	93	C	0	0	0	0	0.186464
Ecoli_SRP_IDT2_mod_82nt	101	94	A	0	0	0	0	0.186464
Ecoli_SRP_IDT2_mod_82nt	101	95	C	0	0	0	0	0.186464
Ecoli_SRP_IDT2_mod_82nt	101	96	C	0	0	0	0	0.186464
Ecoli_SRP_IDT2_mod_82nt	101	97	A	0	0	0	0	0.186464
Ecoli_SRP_IDT2_mod_82nt	101	98	A	0	0	0	0	0.186464
Ecoli_SRP_IDT2_mod_82nt	101	99	G	0	0	0	0	0.186464
Ecoli_SRP_IDT2_mod_82nt	101	100	G	0	0	0	0	0.186464
