sequence	rt_start	five_prime_offset	nucleotide	treated_mods	untreated_mods	beta	theta	c
Ecoli_SRP_IDT2_mod_78nt	97	0	*	4205	3314	-	-	0.282097
Ecoli_SRP_IDT2_mod_78nt	97	1	A	203	83	0.0799634	0.0794408	0.282097
Ecoli_SRP_IDT2_mod_78nt	97	2	T	40	17	0.0145538	0.0143268	0.282097
Ecoli_SRP_IDT2_mod_78nt	97	3	C	3	1	0.00137583	0.00135189	0.282097
Ecoli_SRP_IDT2_mod_78nt	97	4	G	9	2	0.00517242	0.00508512	0.282097
Ecoli_SRP_IDT2_mod_78nt	97	5	G	1	1	0	0	0.282097
Ecoli_SRP_IDT2_mod_78nt	97	6	G	10	2	0.00596387	0.00586386	0.282097
Ecoli_SRP_IDT2_mod_78nt	97	7	G	12	5	0.00439749	0.0043228	0.282097
Ecoli_SRP_IDT2_mod_78nt	97	8	G	27	16	0.00484646	0.00476444	0.282097
Ecoli_SRP_IDT2_mod_78nt	97	9	C	12	9	0.00016279	0.000159931	0.282097
Ecoli_SRP_IDT2_mod_78nt	97	10	T	21	6	0.0104331	0.0102645	0.282097
Ecoli_SRP_IDT2_mod_78nt	97	11	C	56	21	0.0222784	0.0219545	0.282097
Ecoli_SRP_IDT2_mod_78nt	97	12	T	23	13	0.00453189	0.004455	0.282097
Ecoli_SRP_IDT2_mod_78nt	97	13	G	8	4	0.00210622	0.00206979	0.282097
Ecoli_SRP_IDT2_mod_78nt	97	14	T	49	14	0.0234809	0.0231434	0.282097
Ecoli_SRP_IDT2_mod_78nt	97	15	T	70	21	0.0319044	0.0314828	0.282097
Ecoli_SRP_IDT2_mod_78nt	97	16	G	54	21	0.0193377	0.0190488	0.282097
Ecoli_SRP_IDT2_mod_78nt	97	17	G	2905	1643	0.319306	0.328448	0.282097
Ecoli_SRP_IDT2_mod_78nt	97	18	T	427	198	0.0590406	0.0584823	0.282097
Ecoli_SRP_IDT2_mod_78nt	97	19	T	36	9	0.00990029	0.00973957	0.282097
Ecoli_SRP_IDT2_mod_78nt	97	20	C	19	2	0.00703766	0.00692066	0.282097
Ecoli_SRP_IDT2_mod_78nt	97	21	T	23	3	0.00810663	0.00797305	0.282097
Ecoli_SRP_IDT2_mod_78nt	97	22	C	40	17	0.00619453	0.00609084	0.282097
Ecoli_SRP_IDT2_mod_78nt	97	23	C	80	30	0.0148681	0.0146368	0.282097
Ecoli_SRP_IDT2_mod_78nt	97	24	C	71	36	0.00685966	0.00674545	0.282097
Ecoli_SRP_IDT2_mod_78nt	97	25	G	35	18	0.00317941	0.00312488	0.282097
Ecoli_SRP_IDT2_mod_78nt	97	26	C	64	34	0.00504499	0.00495975	0.282097
Ecoli_SRP_IDT2_mod_78nt	97	27	A	44	8	0.0133919	0.0131809	0.282097
Ecoli_SRP_IDT2_mod_78nt	97	28	A	16	7	0.002198	0.00216001	0.282097
Ecoli_SRP_IDT2_mod_78nt	97	29	C	62	15	0.0162647	0.0160148	0.282097
Ecoli_SRP_IDT2_mod_78nt	97	30	G	10	2	0.0028846	0.00283501	0.282097
Ecoli_SRP_IDT2_mod_78nt	97	31	C	192	53	0.0449111	0.0443982	0.282097
Ecoli_SRP_IDT2_mod_78nt	97	32	T	141	50	0.0251625	0.0248066	0.282097
Ecoli_SRP_IDT2_mod_78nt	97	33	A	12	10	0	0	0.282097
Ecoli_SRP_IDT2_mod_78nt	97	34	C	11	9	0	0	0.282097
Ecoli_SRP_IDT2_mod_78nt	97	35	T	25	3	0.0081095	0.00797587	0.282097
Ecoli_SRP_IDT2_mod_78nt	97	36	C	39	7	0.0111266	0.0109478	0.282097
Ecoli_SRP_IDT2_mod_78nt	97	37	T	59	11	0.0164452	0.016193	0.282097
Ecoli_SRP_IDT2_mod_78nt	97	38	G	54	13	0.0130937	0.0128868	0.282097
Ecoli_SRP_IDT2_mod_78nt	97	39	T	6	9	0	0	0.282097
Ecoli_SRP_IDT2_mod_78nt	97	40	T	39	6	0.0115168	0.0113324	0.282097
Ecoli_SRP_IDT2_mod_78nt	97	41	T	222	68	0.0431827	0.0426793	0.282097
Ecoli_SRP_IDT2_mod_78nt	97	42	A	71	21	0.014008	0.0137885	0.282097
Ecoli_SRP_IDT2_mod_78nt	97	43	C	26	21	0	0	0.282097
Ecoli_SRP_IDT2_mod_78nt	97	44	C	102	30	0.0199042	0.0196084	0.282097
Ecoli_SRP_IDT2_mod_78nt	97	45	A	20	0	0.00747531	0.00735148	0.282097
Ecoli_SRP_IDT2_mod_78nt	97	46	G	15	3	0.00376059	0.00369639	0.282097
Ecoli_SRP_IDT2_mod_78nt	97	47	G	61	17	0.0122653	0.0120702	0.282097
Ecoli_SRP_IDT2_mod_78nt	97	48	T	17	8	0.00141175	0.0013872	0.282097
Ecoli_SRP_IDT2_mod_78nt	97	49	C	50	18	0.00748359	0.00735963	0.282097
Ecoli_SRP_IDT2_mod_78nt	97	50	A	9	2	0.00209568	0.00205943	0.282097
Ecoli_SRP_IDT2_mod_78nt	97	51	G	6	3	0.000382442	0.000375737	0.282097
Ecoli_SRP_IDT2_mod_78nt	97	52	G	17	7	0.0019917	0.00195722	0.282097
Ecoli_SRP_IDT2_mod_78nt	97	53	T	8	3	0.0011139	0.00109448	0.282097
Ecoli_SRP_IDT2_mod_78nt	97	54	C	16	1	0.00525339	0.00516478	0.282097
Ecoli_SRP_IDT2_mod_78nt	97	55	C	38	6	0.010235	0.0100694	0.282097
Ecoli_SRP_IDT2_mod_78nt	97	56	G	12	4	0.00194999	0.00191622	0.282097
Ecoli_SRP_IDT2_mod_78nt	97	57	G	76	11	0.0208665	0.0205591	0.282097
Ecoli_SRP_IDT2_mod_78nt	97	58	A	31	6	0.00755699	0.0074319	0.282097
Ecoli_SRP_IDT2_mod_78nt	97	59	A	3	0	0.00108109	0.00106224	0.282097
Ecoli_SRP_IDT2_mod_78nt	97	60	G	2	0	0.000720585	0.000707985	0.282097
Ecoli_SRP_IDT2_mod_78nt	97	61	G	4	5	0	0	0.282097
Ecoli_SRP_IDT2_mod_78nt	97	62	A	2	0	0.000720154	0.000707561	0.282097
Ecoli_SRP_IDT2_mod_78nt	97	63	A	0	1	0	0	0.282097
Ecoli_SRP_IDT2_mod_78nt	97	64	G	0	1	0	0	0.282097
Ecoli_SRP_IDT2_mod_78nt	97	65	C	1	0	0.000360041	0.000353728	0.282097
Ecoli_SRP_IDT2_mod_78nt	97	66	A	3	1	0.00047648	0.000468132	0.282097
Ecoli_SRP_IDT2_mod_78nt	97	67	G	2	2	0	0	0.282097
Ecoli_SRP_IDT2_mod_78nt	97	68	C	0	0	0	0	0.282097
Ecoli_SRP_IDT2_mod_78nt	97	69	C	0	1	0	0	0.282097
Ecoli_SRP_IDT2_mod_78nt	97	70	A	0	0	0	0	0.282097
Ecoli_SRP_IDT2_mod_78nt	97	71	A	0	0	0	0	0.282097
Ecoli_SRP_IDT2_mod_78nt	97	72	G	3	3	0	0	0.282097
Ecoli_SRP_IDT2_mod_78nt	97	73	G	15	39	0	0	0.282097
Ecoli_SRP_IDT2_mod_78nt	97	74	C	18	48	0	0	0.282097
Ecoli_SRP_IDT2_mod_78nt	97	75	A	3	8	0	0	0.282097
Ecoli_SRP_IDT2_mod_78nt	97	76	G	34	164	0	0	0.282097
Ecoli_SRP_IDT2_mod_78nt	97	77	A	1781	6355	0	0	0.282097
Ecoli_SRP_IDT2_mod_78nt	97	78	T	1194	2359	0	0	0.282097
Ecoli_SRP_IDT2_mod_78nt	97	79	C	9	8	0.000553647	0.000543954	0.282097
Ecoli_SRP_IDT2_mod_78nt	97	80	T	9	53	0	0	0.282097
Ecoli_SRP_IDT2_mod_78nt	97	81	G	28	80	0	0	0.282097
Ecoli_SRP_IDT2_mod_78nt	97	82	A	0	0	0	0	0.282097
Ecoli_SRP_IDT2_mod_78nt	97	83	C	0	0	0	0	0.282097
Ecoli_SRP_IDT2_mod_78nt	97	84	T	0	0	0	0	0.282097
Ecoli_SRP_IDT2_mod_78nt	97	85	C	0	0	0	0	0.282097
Ecoli_SRP_IDT2_mod_78nt	97	86	G	0	0	0	0	0.282097
Ecoli_SRP_IDT2_mod_78nt	97	87	G	0	0	0	0	0.282097
Ecoli_SRP_IDT2_mod_78nt	97	88	G	0	0	0	0	0.282097
Ecoli_SRP_IDT2_mod_78nt	97	89	C	0	0	0	0	0.282097
Ecoli_SRP_IDT2_mod_78nt	97	90	A	0	0	0	0	0.282097
Ecoli_SRP_IDT2_mod_78nt	97	91	C	0	0	0	0	0.282097
Ecoli_SRP_IDT2_mod_78nt	97	92	C	0	0	0	0	0.282097
Ecoli_SRP_IDT2_mod_78nt	97	93	A	0	0	0	0	0.282097
Ecoli_SRP_IDT2_mod_78nt	97	94	A	0	0	0	0	0.282097
Ecoli_SRP_IDT2_mod_78nt	97	95	G	0	0	0	0	0.282097
Ecoli_SRP_IDT2_mod_78nt	97	96	G	0	0	0	0	0.282097
