sequence	rt_start	five_prime_offset	nucleotide	treated_mods	untreated_mods	beta	theta	c
Ecoli_SRP_IDT2_mod_83nt	102	0	*	5060	4103	-	-	0.233821
Ecoli_SRP_IDT2_mod_83nt	102	1	A	240	82	0.112644	0.113557	0.233821
Ecoli_SRP_IDT2_mod_83nt	102	2	T	66	16	0.0366421	0.0366094	0.233821
Ecoli_SRP_IDT2_mod_83nt	102	3	C	7	2	0.00355675	0.00353987	0.233821
Ecoli_SRP_IDT2_mod_83nt	102	4	G	7	0	0.00559342	0.0055682	0.233821
Ecoli_SRP_IDT2_mod_83nt	102	5	G	0	2	0	0	0.233821
Ecoli_SRP_IDT2_mod_83nt	102	6	G	7	2	0.00354413	0.00352731	0.233821
Ecoli_SRP_IDT2_mod_83nt	102	7	G	14	11	0	0	0.233821
Ecoli_SRP_IDT2_mod_83nt	102	8	G	44	26	0.00845414	0.00841882	0.233821
Ecoli_SRP_IDT2_mod_83nt	102	9	C	17	16	0	0	0.233821
Ecoli_SRP_IDT2_mod_83nt	102	10	T	48	36	0.00143734	0.00143017	0.233821
Ecoli_SRP_IDT2_mod_83nt	102	11	C	67	27	0.024952	0.0248957	0.233821
Ecoli_SRP_IDT2_mod_83nt	102	12	T	33	11	0.0144135	0.0143632	0.233821
Ecoli_SRP_IDT2_mod_83nt	102	13	G	21	19	0	0	0.233821
Ecoli_SRP_IDT2_mod_83nt	102	14	T	64	11	0.0375699	0.0375405	0.233821
Ecoli_SRP_IDT2_mod_83nt	102	15	T	73	32	0.0232836	0.0232265	0.233821
Ecoli_SRP_IDT2_mod_83nt	102	16	G	43	20	0.0123974	0.0123513	0.233821
Ecoli_SRP_IDT2_mod_83nt	102	17	G	1842	1439	0	0	0.233821
Ecoli_SRP_IDT2_mod_83nt	102	18	T	272	171	0.0263025	0.0262472	0.233821
Ecoli_SRP_IDT2_mod_83nt	102	19	T	29	14	0.00572262	0.00569691	0.233821
Ecoli_SRP_IDT2_mod_83nt	102	20	C	18	4	0.00686605	0.0068361	0.233821
Ecoli_SRP_IDT2_mod_83nt	102	21	T	23	7	0.0074026	0.00737077	0.233821
Ecoli_SRP_IDT2_mod_83nt	102	22	C	28	16	0.00367561	0.00365822	0.233821
Ecoli_SRP_IDT2_mod_83nt	102	23	C	51	33	0.00391921	0.00390078	0.233821
Ecoli_SRP_IDT2_mod_83nt	102	24	C	90	66	0.00139119	0.00138424	0.233821
Ecoli_SRP_IDT2_mod_83nt	102	25	G	59	50	0	0	0.233821
Ecoli_SRP_IDT2_mod_83nt	102	26	C	140	70	0.024365	0.0243083	0.233821
Ecoli_SRP_IDT2_mod_83nt	102	27	A	66	21	0.0194119	0.0193556	0.233821
Ecoli_SRP_IDT2_mod_83nt	102	28	A	34	12	0.00912444	0.00908704	0.233821
Ecoli_SRP_IDT2_mod_83nt	102	29	C	116	38	0.0326251	0.0325806	0.233821
Ecoli_SRP_IDT2_mod_83nt	102	30	G	11	10	0	0	0.233821
Ecoli_SRP_IDT2_mod_83nt	102	31	C	216	101	0.038926	0.0389017	0.233821
Ecoli_SRP_IDT2_mod_83nt	102	32	T	164	76	0.0290086	0.0289568	0.233821
Ecoli_SRP_IDT2_mod_83nt	102	33	A	25	11	0.00474202	0.00472017	0.233821
Ecoli_SRP_IDT2_mod_83nt	102	34	C	18	8	0.00334935	0.00333338	0.233821
Ecoli_SRP_IDT2_mod_83nt	102	35	T	46	25	0.00553675	0.00551175	0.233821
Ecoli_SRP_IDT2_mod_83nt	102	36	C	53	26	0.00813744	0.00810315	0.233821
Ecoli_SRP_IDT2_mod_83nt	102	37	T	88	29	0.0224513	0.0223941	0.233821
Ecoli_SRP_IDT2_mod_83nt	102	38	G	83	28	0.0204793	0.0204224	0.233821
Ecoli_SRP_IDT2_mod_83nt	102	39	T	18	14	0	0	0.233821
Ecoli_SRP_IDT2_mod_83nt	102	40	T	80	14	0.0277346	0.027681	0.233821
Ecoli_SRP_IDT2_mod_83nt	102	41	T	401	110	0.108533	0.10936	0.233821
Ecoli_SRP_IDT2_mod_83nt	102	42	A	172	35	0.0525677	0.052619	0.233821
Ecoli_SRP_IDT2_mod_83nt	102	43	C	59	38	0.00160242	0.00159446	0.233821
Ecoli_SRP_IDT2_mod_83nt	102	44	C	254	108	0.0405588	0.0405412	0.233821
Ecoli_SRP_IDT2_mod_83nt	102	45	A	50	3	0.0189982	0.0189421	0.233821
Ecoli_SRP_IDT2_mod_83nt	102	46	G	37	17	0.00494887	0.00492619	0.233821
Ecoli_SRP_IDT2_mod_83nt	102	47	G	136	50	0.0254693	0.0254133	0.233821
Ecoli_SRP_IDT2_mod_83nt	102	48	T	23	13	0.00150651	0.001499	0.233821
Ecoli_SRP_IDT2_mod_83nt	102	49	C	106	50	0.0128261	0.012779	0.233821
Ecoli_SRP_IDT2_mod_83nt	102	50	A	27	10	0.00488284	0.00486042	0.233821
Ecoli_SRP_IDT2_mod_83nt	102	51	G	6	1	0.00181914	0.00181014	0.233821
Ecoli_SRP_IDT2_mod_83nt	102	52	G	54	22	0.00849313	0.00845769	0.233821
Ecoli_SRP_IDT2_mod_83nt	102	53	T	13	5	0.00221367	0.00220282	0.233821
Ecoli_SRP_IDT2_mod_83nt	102	54	C	22	9	0.00341333	0.00339708	0.233821
Ecoli_SRP_IDT2_mod_83nt	102	55	C	67	18	0.0159242	0.0158715	0.233821
Ecoli_SRP_IDT2_mod_83nt	102	56	G	29	5	0.00852169	0.00848616	0.233821
Ecoli_SRP_IDT2_mod_83nt	102	57	G	139	34	0.0343788	0.034339	0.233821
Ecoli_SRP_IDT2_mod_83nt	102	58	A	69	16	0.0173982	0.0173436	0.233821
Ecoli_SRP_IDT2_mod_83nt	102	59	A	31	2	0.0108483	0.010806	0.233821
Ecoli_SRP_IDT2_mod_83nt	102	60	G	23	11	0.00239501	0.00238333	0.233821
Ecoli_SRP_IDT2_mod_83nt	102	61	G	84	28	0.0158266	0.0157741	0.233821
Ecoli_SRP_IDT2_mod_83nt	102	62	A	47	18	0.00741306	0.0073812	0.233821
Ecoli_SRP_IDT2_mod_83nt	102	63	A	56	29	0.00434233	0.00432212	0.233821
Ecoli_SRP_IDT2_mod_83nt	102	64	G	11	3	0.00242842	0.00241658	0.233821
Ecoli_SRP_IDT2_mod_83nt	102	65	C	12	3	0.00280499	0.00279143	0.233821
Ecoli_SRP_IDT2_mod_83nt	102	66	A	13	8	0.000254047	0.000252744	0.233821
Ecoli_SRP_IDT2_mod_83nt	102	67	G	9	3	0.0016601	0.00165186	0.233821
Ecoli_SRP_IDT2_mod_83nt	102	68	C	0	1	0	0	0.233821
Ecoli_SRP_IDT2_mod_83nt	102	69	C	1	1	0	0	0.233821
Ecoli_SRP_IDT2_mod_83nt	102	70	A	2	0	0.000758593	0.000754748	0.233821
Ecoli_SRP_IDT2_mod_83nt	102	71	A	1	2	0	0	0.233821
Ecoli_SRP_IDT2_mod_83nt	102	72	G	0	1	0	0	0.233821
Ecoli_SRP_IDT2_mod_83nt	102	73	G	0	1	0	0	0.233821
Ecoli_SRP_IDT2_mod_83nt	102	74	C	2	1	0.000173923	0.000173029	0.233821
Ecoli_SRP_IDT2_mod_83nt	102	75	A	0	0	0	0	0.233821
Ecoli_SRP_IDT2_mod_83nt	102	76	G	21	29	0	0	0.233821
Ecoli_SRP_IDT2_mod_83nt	102	77	A	19	13	0	0	0.233821
Ecoli_SRP_IDT2_mod_83nt	102	78	T	2	1	0.000174521	0.000173624	0.233821
Ecoli_SRP_IDT2_mod_83nt	102	79	G	14	26	0	0	0.233821
Ecoli_SRP_IDT2_mod_83nt	102	80	A	0	1	0	0	0.233821
Ecoli_SRP_IDT2_mod_83nt	102	81	C	14	18	0	0	0.233821
Ecoli_SRP_IDT2_mod_83nt	102	82	G	39	125	0	0	0.233821
Ecoli_SRP_IDT2_mod_83nt	102	83	C	1304	2354	0	0	0.233821
Ecoli_SRP_IDT2_mod_83nt	102	84	C	10	5	0.00120441	0.00119836	0.233821
Ecoli_SRP_IDT2_mod_83nt	102	85	T	17	62	0	0	0.233821
Ecoli_SRP_IDT2_mod_83nt	102	86	G	31	84	0	0	0.233821
Ecoli_SRP_IDT2_mod_83nt	102	87	A	0	2	0	0	0.233821
Ecoli_SRP_IDT2_mod_83nt	102	88	C	0	0	0	0	0.233821
Ecoli_SRP_IDT2_mod_83nt	102	89	T	0	0	0	0	0.233821
Ecoli_SRP_IDT2_mod_83nt	102	90	C	0	0	0	0	0.233821
Ecoli_SRP_IDT2_mod_83nt	102	91	G	0	0	0	0	0.233821
Ecoli_SRP_IDT2_mod_83nt	102	92	G	0	0	0	0	0.233821
Ecoli_SRP_IDT2_mod_83nt	102	93	G	0	0	0	0	0.233821
Ecoli_SRP_IDT2_mod_83nt	102	94	C	0	0	0	0	0.233821
Ecoli_SRP_IDT2_mod_83nt	102	95	A	0	0	0	0	0.233821
Ecoli_SRP_IDT2_mod_83nt	102	96	C	0	0	0	0	0.233821
Ecoli_SRP_IDT2_mod_83nt	102	97	C	0	0	0	0	0.233821
Ecoli_SRP_IDT2_mod_83nt	102	98	A	0	0	0	0	0.233821
Ecoli_SRP_IDT2_mod_83nt	102	99	A	0	0	0	0	0.233821
Ecoli_SRP_IDT2_mod_83nt	102	100	G	0	0	0	0	0.233821
Ecoli_SRP_IDT2_mod_83nt	102	101	G	0	0	0	0	0.233821
