sequence	rt_start	five_prime_offset	nucleotide	treated_mods	untreated_mods	beta	theta	c
Ecoli_SRP_IDT2_mod_53nt	72	0	*	11132	7871	-	-	0.0924463
Ecoli_SRP_IDT2_mod_53nt	72	1	A	658	173	0.382415	0.386024	0.0924463
Ecoli_SRP_IDT2_mod_53nt	72	2	T	113	40	0.0498287	0.0495253	0.0924463
Ecoli_SRP_IDT2_mod_53nt	72	3	C	9	2	0.00554497	0.0055	0.0924463
Ecoli_SRP_IDT2_mod_53nt	72	4	G	11	3	0.00602048	0.00597179	0.0924463
Ecoli_SRP_IDT2_mod_53nt	72	5	G	3	2	4.76047e-05	4.72067e-05	0.0924463
Ecoli_SRP_IDT2_mod_53nt	72	6	G	16	7	0.00519027	0.0051481	0.0924463
Ecoli_SRP_IDT2_mod_53nt	72	7	G	16	5	0.00786932	0.00780633	0.0924463
Ecoli_SRP_IDT2_mod_53nt	72	8	G	49	33	0.000272784	0.000270507	0.0924463
Ecoli_SRP_IDT2_mod_53nt	72	9	C	28	26	0	0	0.0924463
Ecoli_SRP_IDT2_mod_53nt	72	10	T	53	28	0.0105704	0.0104871	0.0924463
Ecoli_SRP_IDT2_mod_53nt	72	11	C	104	30	0.0534335	0.0531169	0.0924463
Ecoli_SRP_IDT2_mod_53nt	72	12	T	39	18	0.0109718	0.0108855	0.0924463
Ecoli_SRP_IDT2_mod_53nt	72	13	G	23	10	0.00725762	0.00719933	0.0924463
Ecoli_SRP_IDT2_mod_53nt	72	14	T	65	28	0.0207209	0.0205672	0.0924463
Ecoli_SRP_IDT2_mod_53nt	72	15	T	51	22	0.0160957	0.0159729	0.0924463
Ecoli_SRP_IDT2_mod_53nt	72	16	G	32	10	0.0150341	0.0149187	0.0924463
Ecoli_SRP_IDT2_mod_53nt	72	17	G	1708	1033	0.128302	0.127984	0.0924463
Ecoli_SRP_IDT2_mod_53nt	72	18	T	258	108	0.0720194	0.071654	0.0924463
Ecoli_SRP_IDT2_mod_53nt	72	19	T	21	11	0.0032398	0.00321318	0.0924463
Ecoli_SRP_IDT2_mod_53nt	72	20	C	11	7	0.000267214	0.000264983	0.0924463
Ecoli_SRP_IDT2_mod_53nt	72	21	T	18	6	0.00671352	0.00665943	0.0924463
Ecoli_SRP_IDT2_mod_53nt	72	22	C	14	12	0	0	0.0924463
Ecoli_SRP_IDT2_mod_53nt	72	23	C	34	10	0.0141647	0.0140553	0.0924463
Ecoli_SRP_IDT2_mod_53nt	72	24	C	42	32	0	0	0.0924463
Ecoli_SRP_IDT2_mod_53nt	72	25	G	27	12	0.00654877	0.00649596	0.0924463
Ecoli_SRP_IDT2_mod_53nt	72	26	C	45	35	0	0	0.0924463
Ecoli_SRP_IDT2_mod_53nt	72	27	A	54	26	0.0107378	0.0106533	0.0924463
Ecoli_SRP_IDT2_mod_53nt	72	28	A	12	8	0	0	0.0924463
Ecoli_SRP_IDT2_mod_53nt	72	29	C	51	15	0.0208819	0.0207272	0.0924463
Ecoli_SRP_IDT2_mod_53nt	72	30	G	3	2	0	0	0.0924463
Ecoli_SRP_IDT2_mod_53nt	72	31	C	124	43	0.0429204	0.0426454	0.0924463
Ecoli_SRP_IDT2_mod_53nt	72	32	T	123	35	0.0506001	0.0502937	0.0924463
Ecoli_SRP_IDT2_mod_53nt	72	33	A	23	5	0.0111471	0.0110596	0.0924463
Ecoli_SRP_IDT2_mod_53nt	72	34	C	21	9	0.00518219	0.00514008	0.0924463
Ecoli_SRP_IDT2_mod_53nt	72	35	T	26	11	0.0065591	0.00650621	0.0924463
Ecoli_SRP_IDT2_mod_53nt	72	36	C	31	13	0.00792465	0.00786124	0.0924463
Ecoli_SRP_IDT2_mod_53nt	72	37	T	16	0	0.0115861	0.0114953	0.0924463
Ecoli_SRP_IDT2_mod_53nt	72	38	G	3	3	0	0	0.0924463
Ecoli_SRP_IDT2_mod_53nt	72	39	T	1	2	0	0	0.0924463
Ecoli_SRP_IDT2_mod_53nt	72	40	T	10	2	0.00499755	0.0049569	0.0924463
Ecoli_SRP_IDT2_mod_53nt	72	41	T	16	8	0.00262031	0.00259871	0.0924463
Ecoli_SRP_IDT2_mod_53nt	72	42	A	2	0	0.00144519	0.0014332	0.0924463
Ecoli_SRP_IDT2_mod_53nt	72	43	C	0	0	0	0	0.0924463
Ecoli_SRP_IDT2_mod_53nt	72	44	C	1	0	0.000722548	0.00071653	0.0924463
Ecoli_SRP_IDT2_mod_53nt	72	45	A	0	0	0	0	0.0924463
Ecoli_SRP_IDT2_mod_53nt	72	46	G	8	10	0	0	0.0924463
Ecoli_SRP_IDT2_mod_53nt	72	47	G	39	54	0	0	0.0924463
Ecoli_SRP_IDT2_mod_53nt	72	48	T	4	10	0	0	0.0924463
Ecoli_SRP_IDT2_mod_53nt	72	49	C	21	24	0	0	0.0924463
Ecoli_SRP_IDT2_mod_53nt	72	50	A	1	3	0	0	0.0924463
Ecoli_SRP_IDT2_mod_53nt	72	51	G	6	6	0	0	0.0924463
Ecoli_SRP_IDT2_mod_53nt	72	52	G	1864	6614	0	0	0.0924463
Ecoli_SRP_IDT2_mod_53nt	72	53	T	1113	2180	0	0	0.0924463
Ecoli_SRP_IDT2_mod_53nt	72	54	C	9	9	0.000146024	0.000144804	0.0924463
Ecoli_SRP_IDT2_mod_53nt	72	55	T	22	72	0	0	0.0924463
Ecoli_SRP_IDT2_mod_53nt	72	56	G	29	75	0	0	0.0924463
Ecoli_SRP_IDT2_mod_53nt	72	57	A	1	2	0	0	0.0924463
Ecoli_SRP_IDT2_mod_53nt	72	58	C	0	0	0	0	0.0924463
Ecoli_SRP_IDT2_mod_53nt	72	59	T	0	1	0	0	0.0924463
Ecoli_SRP_IDT2_mod_53nt	72	60	C	0	0	0	0	0.0924463
Ecoli_SRP_IDT2_mod_53nt	72	61	G	0	0	0	0	0.0924463
Ecoli_SRP_IDT2_mod_53nt	72	62	G	0	0	0	0	0.0924463
Ecoli_SRP_IDT2_mod_53nt	72	63	G	0	0	0	0	0.0924463
Ecoli_SRP_IDT2_mod_53nt	72	64	C	0	0	0	0	0.0924463
Ecoli_SRP_IDT2_mod_53nt	72	65	A	0	0	0	0	0.0924463
Ecoli_SRP_IDT2_mod_53nt	72	66	C	0	0	0	0	0.0924463
Ecoli_SRP_IDT2_mod_53nt	72	67	C	0	0	0	0	0.0924463
Ecoli_SRP_IDT2_mod_53nt	72	68	A	0	0	0	0	0.0924463
Ecoli_SRP_IDT2_mod_53nt	72	69	A	0	0	0	0	0.0924463
Ecoli_SRP_IDT2_mod_53nt	72	70	G	0	0	0	0	0.0924463
Ecoli_SRP_IDT2_mod_53nt	72	71	G	0	0	0	0	0.0924463
