sequence	rt_start	five_prime_offset	nucleotide	treated_mods	untreated_mods	beta	theta	c
Ecoli_SRP_IDT2_mod_64nt	83	0	*	27179	18045	-	-	0.163522
Ecoli_SRP_IDT2_mod_64nt	83	1	A	1354	306	0.192586	0.194477	0.163522
Ecoli_SRP_IDT2_mod_64nt	83	2	T	192	55	0.0228081	0.0227118	0.163522
Ecoli_SRP_IDT2_mod_64nt	83	3	C	17	6	0.00163466	0.00162496	0.163522
Ecoli_SRP_IDT2_mod_64nt	83	4	G	8	4	0.000375757	0.000373489	0.163522
Ecoli_SRP_IDT2_mod_64nt	83	5	G	3	3	0	0	0.163522
Ecoli_SRP_IDT2_mod_64nt	83	6	G	33	7	0.00471781	0.00469098	0.163522
Ecoli_SRP_IDT2_mod_64nt	83	7	G	19	12	5.40431e-05	5.37155e-05	0.163522
Ecoli_SRP_IDT2_mod_64nt	83	8	G	90	49	0.00286377	0.00284706	0.163522
Ecoli_SRP_IDT2_mod_64nt	83	9	C	48	21	0.00322638	0.00320764	0.163522
Ecoli_SRP_IDT2_mod_64nt	83	10	T	95	60	0.000248199	0.000246698	0.163522
Ecoli_SRP_IDT2_mod_64nt	83	11	C	245	47	0.0360338	0.0359205	0.163522
Ecoli_SRP_IDT2_mod_64nt	83	12	T	98	10	0.0172281	0.0171476	0.163522
Ecoli_SRP_IDT2_mod_64nt	83	13	G	44	17	0.00359282	0.00357206	0.163522
Ecoli_SRP_IDT2_mod_64nt	83	14	T	216	33	0.034024	0.0339114	0.163522
Ecoli_SRP_IDT2_mod_64nt	83	15	T	151	37	0.0190566	0.0189703	0.163522
Ecoli_SRP_IDT2_mod_64nt	83	16	G	88	28	0.00894085	0.00889307	0.163522
Ecoli_SRP_IDT2_mod_64nt	83	17	G	4454	2474	0.0912729	0.0913987	0.163522
Ecoli_SRP_IDT2_mod_64nt	83	18	T	905	298	0.0738031	0.0737988	0.163522
Ecoli_SRP_IDT2_mod_64nt	83	19	T	78	17	0.00873721	0.00869037	0.163522
Ecoli_SRP_IDT2_mod_64nt	83	20	C	23	8	0.0017195	0.00170931	0.163522
Ecoli_SRP_IDT2_mod_64nt	83	21	T	36	7	0.00426351	0.00423911	0.163522
Ecoli_SRP_IDT2_mod_64nt	83	22	C	39	19	0.00135534	0.00134727	0.163522
Ecoli_SRP_IDT2_mod_64nt	83	23	C	67	32	0.00250453	0.00248984	0.163522
Ecoli_SRP_IDT2_mod_64nt	83	24	C	125	56	0.00570023	0.00566827	0.163522
Ecoli_SRP_IDT2_mod_64nt	83	25	G	96	55	0.00095602	0.000950294	0.163522
Ecoli_SRP_IDT2_mod_64nt	83	26	C	209	108	0.00537228	0.00534202	0.163522
Ecoli_SRP_IDT2_mod_64nt	83	27	A	201	35	0.0244283	0.0243284	0.163522
Ecoli_SRP_IDT2_mod_64nt	83	28	A	80	32	0.00460846	0.00458221	0.163522
Ecoli_SRP_IDT2_mod_64nt	83	29	C	235	63	0.022091	0.0219965	0.163522
Ecoli_SRP_IDT2_mod_64nt	83	30	G	43	10	0.00445365	0.00442823	0.163522
Ecoli_SRP_IDT2_mod_64nt	83	31	C	817	205	0.0786159	0.0786424	0.163522
Ecoli_SRP_IDT2_mod_64nt	83	32	T	724	190	0.0654375	0.0653888	0.163522
Ecoli_SRP_IDT2_mod_64nt	83	33	A	96	16	0.0111059	0.0110485	0.163522
Ecoli_SRP_IDT2_mod_64nt	83	34	C	64	14	0.00647077	0.0064349	0.163522
Ecoli_SRP_IDT2_mod_64nt	83	35	T	109	29	0.00956869	0.00951804	0.163522
Ecoli_SRP_IDT2_mod_64nt	83	36	C	116	31	0.0101016	0.0100486	0.163522
Ecoli_SRP_IDT2_mod_64nt	83	37	T	306	36	0.0388526	0.0387393	0.163522
Ecoli_SRP_IDT2_mod_64nt	83	38	G	235	30	0.0289699	0.0288622	0.163522
Ecoli_SRP_IDT2_mod_64nt	83	39	T	21	7	0.00140377	0.00139541	0.163522
Ecoli_SRP_IDT2_mod_64nt	83	40	T	209	9	0.0303842	0.0302747	0.163522
Ecoli_SRP_IDT2_mod_64nt	83	41	T	411	45	0.0517253	0.0516288	0.163522
Ecoli_SRP_IDT2_mod_64nt	83	42	A	157	21	0.0186067	0.0185219	0.163522
Ecoli_SRP_IDT2_mod_64nt	83	43	C	12	8	0	0	0.163522
Ecoli_SRP_IDT2_mod_64nt	83	44	C	56	21	0.00294587	0.0029287	0.163522
Ecoli_SRP_IDT2_mod_64nt	83	45	A	24	6	0.00207625	0.002064	0.163522
Ecoli_SRP_IDT2_mod_64nt	83	46	G	52	6	0.00639285	0.00635737	0.163522
Ecoli_SRP_IDT2_mod_64nt	83	47	G	237	21	0.0306722	0.0305624	0.163522
Ecoli_SRP_IDT2_mod_64nt	83	48	T	7	4	0	0	0.163522
Ecoli_SRP_IDT2_mod_64nt	83	49	C	41	9	0.00383866	0.00381656	0.163522
Ecoli_SRP_IDT2_mod_64nt	83	50	A	7	0	0.00107212	0.0010657	0.163522
Ecoli_SRP_IDT2_mod_64nt	83	51	G	2	0	0.000306304	0.000304453	0.163522
Ecoli_SRP_IDT2_mod_64nt	83	52	G	25	5	0.00246976	0.00245527	0.163522
Ecoli_SRP_IDT2_mod_64nt	83	53	T	2	1	3.46718e-05	3.44615e-05	0.163522
Ecoli_SRP_IDT2_mod_64nt	83	54	C	3	2	0	0	0.163522
Ecoli_SRP_IDT2_mod_64nt	83	55	C	0	1	0	0	0.163522
Ecoli_SRP_IDT2_mod_64nt	83	56	G	0	0	0	0	0.163522
Ecoli_SRP_IDT2_mod_64nt	83	57	G	2	3	0	0	0.163522
Ecoli_SRP_IDT2_mod_64nt	83	58	A	8	4	0.000138789	0.000137948	0.163522
Ecoli_SRP_IDT2_mod_64nt	83	59	A	1	0	0.000152996	0.000152069	0.163522
Ecoli_SRP_IDT2_mod_64nt	83	60	G	5	14	0	0	0.163522
Ecoli_SRP_IDT2_mod_64nt	83	61	G	6	4	0	0	0.163522
Ecoli_SRP_IDT2_mod_64nt	83	62	A	12	10	0	0	0.163522
Ecoli_SRP_IDT2_mod_64nt	83	63	A	45	155	0	0	0.163522
Ecoli_SRP_IDT2_mod_64nt	83	64	G	1174	2327	0	0	0.163522
Ecoli_SRP_IDT2_mod_64nt	83	65	C	5	6	0	0	0.163522
Ecoli_SRP_IDT2_mod_64nt	83	66	T	23	68	0	0	0.163522
Ecoli_SRP_IDT2_mod_64nt	83	67	G	42	78	0	0	0.163522
Ecoli_SRP_IDT2_mod_64nt	83	68	A	0	1	0	0	0.163522
Ecoli_SRP_IDT2_mod_64nt	83	69	C	0	0	0	0	0.163522
Ecoli_SRP_IDT2_mod_64nt	83	70	T	0	0	0	0	0.163522
Ecoli_SRP_IDT2_mod_64nt	83	71	C	0	0	0	0	0.163522
Ecoli_SRP_IDT2_mod_64nt	83	72	G	0	0	0	0	0.163522
Ecoli_SRP_IDT2_mod_64nt	83	73	G	0	0	0	0	0.163522
Ecoli_SRP_IDT2_mod_64nt	83	74	G	0	0	0	0	0.163522
Ecoli_SRP_IDT2_mod_64nt	83	75	C	0	0	0	0	0.163522
Ecoli_SRP_IDT2_mod_64nt	83	76	A	0	0	0	0	0.163522
Ecoli_SRP_IDT2_mod_64nt	83	77	C	0	0	0	0	0.163522
Ecoli_SRP_IDT2_mod_64nt	83	78	C	0	0	0	0	0.163522
Ecoli_SRP_IDT2_mod_64nt	83	79	A	0	0	0	0	0.163522
Ecoli_SRP_IDT2_mod_64nt	83	80	A	0	0	0	0	0.163522
Ecoli_SRP_IDT2_mod_64nt	83	81	G	0	0	0	0	0.163522
Ecoli_SRP_IDT2_mod_64nt	83	82	G	0	0	0	0	0.163522
