sequence	rt_start	five_prime_offset	nucleotide	treated_mods	untreated_mods	beta	theta	c
Ecoli_SRP_IDT2_mod_62nt	81	0	*	11951	15437	-	-	0.151298
Ecoli_SRP_IDT2_mod_62nt	81	1	A	681	259	0.253224	0.256313	0.151298
Ecoli_SRP_IDT2_mod_62nt	81	2	T	97	53	0.0284229	0.0282793	0.151298
Ecoli_SRP_IDT2_mod_62nt	81	3	C	9	10	0.000479554	0.00047613	0.151298
Ecoli_SRP_IDT2_mod_62nt	81	4	G	4	2	0.00124524	0.00123642	0.151298
Ecoli_SRP_IDT2_mod_62nt	81	5	G	0	1	0	0	0.151298
Ecoli_SRP_IDT2_mod_62nt	81	6	G	19	15	0.00358607	0.0035613	0.151298
Ecoli_SRP_IDT2_mod_62nt	81	7	G	24	12	0.00744297	0.00739369	0.151298
Ecoli_SRP_IDT2_mod_62nt	81	8	G	64	57	0.00924561	0.00918564	0.151298
Ecoli_SRP_IDT2_mod_62nt	81	9	C	38	19	0.0116715	0.0115979	0.151298
Ecoli_SRP_IDT2_mod_62nt	81	10	T	36	36	0.00348111	0.00345703	0.151298
Ecoli_SRP_IDT2_mod_62nt	81	11	C	105	55	0.0308133	0.0306632	0.151298
Ecoli_SRP_IDT2_mod_62nt	81	12	T	52	17	0.0194015	0.0192904	0.151298
Ecoli_SRP_IDT2_mod_62nt	81	13	G	21	23	0.0011005	0.0010927	0.151298
Ecoli_SRP_IDT2_mod_62nt	81	14	T	97	33	0.035295	0.0351349	0.151298
Ecoli_SRP_IDT2_mod_62nt	81	15	T	67	19	0.0257736	0.0256383	0.151298
Ecoli_SRP_IDT2_mod_62nt	81	16	G	36	22	0.00891661	0.00885856	0.151298
Ecoli_SRP_IDT2_mod_62nt	81	17	G	1875	2003	0.09525	0.0952495	0.151298
Ecoli_SRP_IDT2_mod_62nt	81	18	T	362	248	0.0658753	0.0657283	0.151298
Ecoli_SRP_IDT2_mod_62nt	81	19	T	38	10	0.0126165	0.0125379	0.151298
Ecoli_SRP_IDT2_mod_62nt	81	20	C	12	11	0.00113312	0.00112508	0.151298
Ecoli_SRP_IDT2_mod_62nt	81	21	T	16	7	0.00428814	0.00425874	0.151298
Ecoli_SRP_IDT2_mod_62nt	81	22	C	21	17	0.00278781	0.00276839	0.151298
Ecoli_SRP_IDT2_mod_62nt	81	23	C	28	22	0.00394822	0.00392105	0.151298
Ecoli_SRP_IDT2_mod_62nt	81	24	C	56	48	0.00641587	0.0063729	0.151298
Ecoli_SRP_IDT2_mod_62nt	81	25	G	40	39	0.00286122	0.00284129	0.151298
Ecoli_SRP_IDT2_mod_62nt	81	26	C	78	61	0.0109365	0.010867	0.151298
Ecoli_SRP_IDT2_mod_62nt	81	27	A	101	34	0.03008	0.0299319	0.151298
Ecoli_SRP_IDT2_mod_62nt	81	28	A	27	18	0.0048238	0.00479092	0.151298
Ecoli_SRP_IDT2_mod_62nt	81	29	C	93	60	0.0172152	0.0171138	0.151298
Ecoli_SRP_IDT2_mod_62nt	81	30	G	11	7	0.00206278	0.0020483	0.151298
Ecoli_SRP_IDT2_mod_62nt	81	31	C	211	74	0.0602702	0.0601102	0.151298
Ecoli_SRP_IDT2_mod_62nt	81	32	T	209	76	0.0577608	0.0575965	0.151298
Ecoli_SRP_IDT2_mod_62nt	81	33	A	25	9	0.00690298	0.00685699	0.151298
Ecoli_SRP_IDT2_mod_62nt	81	34	C	28	8	0.0084493	0.00839399	0.151298
Ecoli_SRP_IDT2_mod_62nt	81	35	T	43	13	0.0126846	0.0126055	0.151298
Ecoli_SRP_IDT2_mod_62nt	81	36	C	36	20	0.00737413	0.00732527	0.151298
Ecoli_SRP_IDT2_mod_62nt	81	37	T	87	24	0.0262559	0.026119	0.151298
Ecoli_SRP_IDT2_mod_62nt	81	38	G	84	27	0.0238486	0.02372	0.151298
Ecoli_SRP_IDT2_mod_62nt	81	39	T	6	4	0.000971296	0.000964396	0.151298
Ecoli_SRP_IDT2_mod_62nt	81	40	T	65	5	0.0239227	0.0237938	0.151298
Ecoli_SRP_IDT2_mod_62nt	81	41	T	119	35	0.0344455	0.0342871	0.151298
Ecoli_SRP_IDT2_mod_62nt	81	42	A	24	18	0.0030861	0.00306466	0.151298
Ecoli_SRP_IDT2_mod_62nt	81	43	C	4	1	0.00121552	0.00120691	0.151298
Ecoli_SRP_IDT2_mod_62nt	81	44	C	14	17	0	0	0.151298
Ecoli_SRP_IDT2_mod_62nt	81	45	A	4	1	0.0012142	0.00120559	0.151298
Ecoli_SRP_IDT2_mod_62nt	81	46	G	14	0	0.00547213	0.00543509	0.151298
Ecoli_SRP_IDT2_mod_62nt	81	47	G	68	15	0.0212348	0.0211161	0.151298
Ecoli_SRP_IDT2_mod_62nt	81	48	T	0	3	0	0	0.151298
Ecoli_SRP_IDT2_mod_62nt	81	49	C	11	8	0.00147917	0.00146872	0.151298
Ecoli_SRP_IDT2_mod_62nt	81	50	A	1	0	0.000389039	0.000386259	0.151298
Ecoli_SRP_IDT2_mod_62nt	81	51	G	3	2	0.000466753	0.00046342	0.151298
Ecoli_SRP_IDT2_mod_62nt	81	52	G	5	3	0.00089428	0.000887922	0.151298
Ecoli_SRP_IDT2_mod_62nt	81	53	T	4	2	0.000855131	0.000849049	0.151298
Ecoli_SRP_IDT2_mod_62nt	81	54	C	0	3	0	0	0.151298
Ecoli_SRP_IDT2_mod_62nt	81	55	C	0	0	0	0	0.151298
Ecoli_SRP_IDT2_mod_62nt	81	56	G	10	16	0	0	0.151298
Ecoli_SRP_IDT2_mod_62nt	81	57	G	11	36	0	0	0.151298
Ecoli_SRP_IDT2_mod_62nt	81	58	A	268	621	0	0	0.151298
Ecoli_SRP_IDT2_mod_62nt	81	59	A	2	2	8.86193e-05	8.7984e-05	0.151298
Ecoli_SRP_IDT2_mod_62nt	81	60	G	15	34	0	0	0.151298
Ecoli_SRP_IDT2_mod_62nt	81	61	G	6501	22776	0	0	0.151298
Ecoli_SRP_IDT2_mod_62nt	81	62	A	1166	2349	0	0	0.151298
Ecoli_SRP_IDT2_mod_62nt	81	63	C	5	16	0	0	0.151298
Ecoli_SRP_IDT2_mod_62nt	81	64	T	16	65	0	0	0.151298
Ecoli_SRP_IDT2_mod_62nt	81	65	G	37	64	0.000324813	0.00032249	0.151298
Ecoli_SRP_IDT2_mod_62nt	81	66	A	0	0	0	0	0.151298
Ecoli_SRP_IDT2_mod_62nt	81	67	C	0	0	0	0	0.151298
Ecoli_SRP_IDT2_mod_62nt	81	68	T	0	0	0	0	0.151298
Ecoli_SRP_IDT2_mod_62nt	81	69	C	0	0	0	0	0.151298
Ecoli_SRP_IDT2_mod_62nt	81	70	G	0	0	0	0	0.151298
Ecoli_SRP_IDT2_mod_62nt	81	71	G	0	0	0	0	0.151298
Ecoli_SRP_IDT2_mod_62nt	81	72	G	0	0	0	0	0.151298
Ecoli_SRP_IDT2_mod_62nt	81	73	C	0	0	0	0	0.151298
Ecoli_SRP_IDT2_mod_62nt	81	74	A	0	0	0	0	0.151298
Ecoli_SRP_IDT2_mod_62nt	81	75	C	0	0	0	0	0.151298
Ecoli_SRP_IDT2_mod_62nt	81	76	C	0	0	0	0	0.151298
Ecoli_SRP_IDT2_mod_62nt	81	77	A	0	0	0	0	0.151298
Ecoli_SRP_IDT2_mod_62nt	81	78	A	0	0	0	0	0.151298
Ecoli_SRP_IDT2_mod_62nt	81	79	G	0	0	0	0	0.151298
Ecoli_SRP_IDT2_mod_62nt	81	80	G	0	0	0	0	0.151298
