sequence	rt_start	five_prime_offset	nucleotide	treated_mods	untreated_mods	beta	theta	c
Ecoli_SRP_IDT2_mod_110nt	129	0	*	1180	782	-	-	0.238295
Ecoli_SRP_IDT2_mod_110nt	129	1	A	54	16	0.102001	0.102783	0.238295
Ecoli_SRP_IDT2_mod_110nt	129	2	T	25	4	0.0630004	0.0631856	0.238295
Ecoli_SRP_IDT2_mod_110nt	129	3	C	4	0	0.0133516	0.0133116	0.238295
Ecoli_SRP_IDT2_mod_110nt	129	4	G	4	1	0.00806945	0.00804025	0.238295
Ecoli_SRP_IDT2_mod_110nt	129	5	G	3	1	0.00472087	0.00470192	0.238295
Ecoli_SRP_IDT2_mod_110nt	129	6	G	9	3	0.0140455	0.0140046	0.238295
Ecoli_SRP_IDT2_mod_110nt	129	7	G	1	4	0	0	0.238295
Ecoli_SRP_IDT2_mod_110nt	129	8	G	6	3	0.00414726	0.00413032	0.238295
Ecoli_SRP_IDT2_mod_110nt	129	9	C	5	4	0	0	0.238295
Ecoli_SRP_IDT2_mod_110nt	129	10	T	8	5	0.000353104	0.000351504	0.238295
Ecoli_SRP_IDT2_mod_110nt	129	11	C	10	8	0	0	0.238295
Ecoli_SRP_IDT2_mod_110nt	129	12	T	7	6	0	0	0.238295
Ecoli_SRP_IDT2_mod_110nt	129	13	G	3	3	0	0	0.238295
Ecoli_SRP_IDT2_mod_110nt	129	14	T	15	3	0.0325166	0.0324934	0.238295
Ecoli_SRP_IDT2_mod_110nt	129	15	T	17	4	0.0332961	0.0332754	0.238295
Ecoli_SRP_IDT2_mod_110nt	129	16	G	4	5	0	0	0.238295
Ecoli_SRP_IDT2_mod_110nt	129	17	G	252	157	0.0060627	0.00603931	0.238295
Ecoli_SRP_IDT2_mod_110nt	129	18	T	40	15	0.0412361	0.0412496	0.238295
Ecoli_SRP_IDT2_mod_110nt	129	19	T	5	1	0.00865506	0.00862434	0.238295
Ecoli_SRP_IDT2_mod_110nt	129	20	C	7	3	0.00550127	0.00547968	0.238295
Ecoli_SRP_IDT2_mod_110nt	129	21	T	7	5	0	0	0.238295
Ecoli_SRP_IDT2_mod_110nt	129	22	C	6	1	0.0110619	0.0110258	0.238295
Ecoli_SRP_IDT2_mod_110nt	129	23	C	8	2	0.0119596	0.0119218	0.238295
Ecoli_SRP_IDT2_mod_110nt	129	24	C	7	10	0	0	0.238295
Ecoli_SRP_IDT2_mod_110nt	129	25	G	9	5	0.00232649	0.00231649	0.238295
Ecoli_SRP_IDT2_mod_110nt	129	26	C	22	11	0.0104272	0.0103924	0.238295
Ecoli_SRP_IDT2_mod_110nt	129	27	A	7	1	0.0131539	0.0131142	0.238295
Ecoli_SRP_IDT2_mod_110nt	129	28	A	3	2	0	0	0.238295
Ecoli_SRP_IDT2_mod_110nt	129	29	C	22	5	0.0334546	0.0334345	0.238295
Ecoli_SRP_IDT2_mod_110nt	129	30	G	2	1	0.000877046	0.000873126	0.238295
Ecoli_SRP_IDT2_mod_110nt	129	31	C	25	19	0	0	0.238295
Ecoli_SRP_IDT2_mod_110nt	129	32	T	31	14	0.0190645	0.0190204	0.238295
Ecoli_SRP_IDT2_mod_110nt	129	33	A	5	3	0.000202199	0.00020128	0.238295
Ecoli_SRP_IDT2_mod_110nt	129	34	C	5	1	0.00779669	0.00776822	0.238295
Ecoli_SRP_IDT2_mod_110nt	129	35	T	10	3	0.0117101	0.0116727	0.238295
Ecoli_SRP_IDT2_mod_110nt	129	36	C	5	8	0	0	0.238295
Ecoli_SRP_IDT2_mod_110nt	129	37	T	23	5	0.0336389	0.0336194	0.238295
Ecoli_SRP_IDT2_mod_110nt	129	38	G	11	5	0.00619554	0.00617174	0.238295
Ecoli_SRP_IDT2_mod_110nt	129	39	T	5	8	0	0	0.238295
Ecoli_SRP_IDT2_mod_110nt	129	40	T	21	12	0.00276762	0.00275587	0.238295
Ecoli_SRP_IDT2_mod_110nt	129	41	T	57	13	0.0769262	0.0772817	0.238295
Ecoli_SRP_IDT2_mod_110nt	129	42	A	22	11	0.0075688	0.00754095	0.238295
Ecoli_SRP_IDT2_mod_110nt	129	43	C	16	2	0.0267995	0.0267621	0.238295
Ecoli_SRP_IDT2_mod_110nt	129	44	C	37	13	0.0312385	0.0312114	0.238295
Ecoli_SRP_IDT2_mod_110nt	129	45	A	5	0	0.0103836	0.0103489	0.238295
Ecoli_SRP_IDT2_mod_110nt	129	46	G	12	3	0.014191	0.0141499	0.238295
Ecoli_SRP_IDT2_mod_110nt	129	47	G	17	16	0	0	0.238295
Ecoli_SRP_IDT2_mod_110nt	129	48	T	6	1	0.00876656	0.00873556	0.238295
Ecoli_SRP_IDT2_mod_110nt	129	49	C	11	1	0.0188665	0.0188223	0.238295
Ecoli_SRP_IDT2_mod_110nt	129	50	A	3	2	0	0	0.238295
Ecoli_SRP_IDT2_mod_110nt	129	51	G	2	2	0	0	0.238295
Ecoli_SRP_IDT2_mod_110nt	129	52	G	11	6	0.00142375	0.00141748	0.238295
Ecoli_SRP_IDT2_mod_110nt	129	53	T	5	4	0	0	0.238295
Ecoli_SRP_IDT2_mod_110nt	129	54	C	3	1	0.00258037	0.00256936	0.238295
Ecoli_SRP_IDT2_mod_110nt	129	55	C	10	2	0.013124	0.0130844	0.238295
Ecoli_SRP_IDT2_mod_110nt	129	56	G	3	1	0.00255171	0.00254081	0.238295
Ecoli_SRP_IDT2_mod_110nt	129	57	G	16	4	0.0180425	0.0179985	0.238295
Ecoli_SRP_IDT2_mod_110nt	129	58	A	10	3	0.00948306	0.00945032	0.238295
Ecoli_SRP_IDT2_mod_110nt	129	59	A	1	1	0	0	0.238295
Ecoli_SRP_IDT2_mod_110nt	129	60	G	6	2	0.00497878	0.00495894	0.238295
Ecoli_SRP_IDT2_mod_110nt	129	61	G	8	5	0	0	0.238295
Ecoli_SRP_IDT2_mod_110nt	129	62	A	4	0	0.00781419	0.00778567	0.238295
Ecoli_SRP_IDT2_mod_110nt	129	63	A	1	2	0	0	0.238295
Ecoli_SRP_IDT2_mod_110nt	129	64	G	5	2	0.00297857	0.002966	0.238295
Ecoli_SRP_IDT2_mod_110nt	129	65	C	13	2	0.018448	0.018404	0.238295
Ecoli_SRP_IDT2_mod_110nt	129	66	A	8	5	0	0	0.238295
Ecoli_SRP_IDT2_mod_110nt	129	67	G	10	10	0	0	0.238295
Ecoli_SRP_IDT2_mod_110nt	129	68	C	3	8	0	0	0.238295
Ecoli_SRP_IDT2_mod_110nt	129	69	C	4	5	0	0	0.238295
Ecoli_SRP_IDT2_mod_110nt	129	70	A	3	2	0	0	0.238295
Ecoli_SRP_IDT2_mod_110nt	129	71	A	11	3	0.0110796	0.0110434	0.238295
Ecoli_SRP_IDT2_mod_110nt	129	72	G	8	8	0	0	0.238295
Ecoli_SRP_IDT2_mod_110nt	129	73	G	15	11	0	0	0.238295
Ecoli_SRP_IDT2_mod_110nt	129	74	C	18	16	0	0	0.238295
Ecoli_SRP_IDT2_mod_110nt	129	75	A	4	2	0.00106263	0.0010579	0.238295
Ecoli_SRP_IDT2_mod_110nt	129	76	G	35	30	0	0	0.238295
Ecoli_SRP_IDT2_mod_110nt	129	77	A	2	2	0	0	0.238295
Ecoli_SRP_IDT2_mod_110nt	129	78	T	1	2	0	0	0.238295
Ecoli_SRP_IDT2_mod_110nt	129	79	G	13	10	0	0	0.238295
Ecoli_SRP_IDT2_mod_110nt	129	80	A	11	5	0.00455963	0.00454123	0.238295
Ecoli_SRP_IDT2_mod_110nt	129	81	C	20	11	0.00235212	0.00234202	0.238295
Ecoli_SRP_IDT2_mod_110nt	129	82	G	15	13	0	0	0.238295
Ecoli_SRP_IDT2_mod_110nt	129	83	C	41	19	0.0154493	0.0154069	0.238295
Ecoli_SRP_IDT2_mod_110nt	129	84	G	77	30	0.0441964	0.0442265	0.238295
Ecoli_SRP_IDT2_mod_110nt	129	85	T	34	18	0.00512273	0.00510241	0.238295
Ecoli_SRP_IDT2_mod_110nt	129	86	G	161	72	0.0584767	0.0586167	0.238295
Ecoli_SRP_IDT2_mod_110nt	129	87	T	163	89	0.0113473	0.0113106	0.238295
Ecoli_SRP_IDT2_mod_110nt	129	88	G	37	20	0.00292318	0.00291082	0.238295
Ecoli_SRP_IDT2_mod_110nt	129	89	C	29	11	0.0141468	0.0141058	0.238295
Ecoli_SRP_IDT2_mod_110nt	129	90	C	29	16	0.00126485	0.00125926	0.238295
Ecoli_SRP_IDT2_mod_110nt	129	91	G	5	1	0.00465816	0.00463942	0.238295
Ecoli_SRP_IDT2_mod_110nt	129	92	G	6	1	0.0060798	0.00605636	0.238295
Ecoli_SRP_IDT2_mod_110nt	129	93	G	66	30	0.0184033	0.0183593	0.238295
Ecoli_SRP_IDT2_mod_110nt	129	94	A	11	3	0.0079495	0.00792061	0.238295
Ecoli_SRP_IDT2_mod_110nt	129	95	T	0	1	0	0	0.238295
Ecoli_SRP_IDT2_mod_110nt	129	96	G	7	2	0.00481628	0.00479699	0.238295
Ecoli_SRP_IDT2_mod_110nt	129	97	T	2	0	0.00278636	0.00277453	0.238295
Ecoli_SRP_IDT2_mod_110nt	129	98	A	1	0	0.00139272	0.00138658	0.238295
Ecoli_SRP_IDT2_mod_110nt	129	99	G	2	0	0.0027836	0.00277178	0.238295
Ecoli_SRP_IDT2_mod_110nt	129	100	C	2	3	0	0	0.238295
Ecoli_SRP_IDT2_mod_110nt	129	101	T	0	0	0	0	0.238295
Ecoli_SRP_IDT2_mod_110nt	129	102	G	1	0	0.00139042	0.00138429	0.238295
Ecoli_SRP_IDT2_mod_110nt	129	103	G	4	6	0	0	0.238295
Ecoli_SRP_IDT2_mod_110nt	129	104	C	6	8	0	0	0.238295
Ecoli_SRP_IDT2_mod_110nt	129	105	A	2	3	0	0	0.238295
Ecoli_SRP_IDT2_mod_110nt	129	106	G	48	47	0	0	0.238295
Ecoli_SRP_IDT2_mod_110nt	129	107	G	1	1	0	0	0.238295
Ecoli_SRP_IDT2_mod_110nt	129	108	G	9	45	0	0	0.238295
Ecoli_SRP_IDT2_mod_110nt	129	109	C	48	120	0	0	0.238295
Ecoli_SRP_IDT2_mod_110nt	129	110	C	1194	2255	0	0	0.238295
Ecoli_SRP_IDT2_mod_110nt	129	111	C	6	11	0	0	0.238295
Ecoli_SRP_IDT2_mod_110nt	129	112	T	17	67	0	0	0.238295
Ecoli_SRP_IDT2_mod_110nt	129	113	G	46	94	0	0	0.238295
Ecoli_SRP_IDT2_mod_110nt	129	114	A	0	0	0	0	0.238295
Ecoli_SRP_IDT2_mod_110nt	129	115	C	0	0	0	0	0.238295
Ecoli_SRP_IDT2_mod_110nt	129	116	T	0	0	0	0	0.238295
Ecoli_SRP_IDT2_mod_110nt	129	117	C	0	0	0	0	0.238295
Ecoli_SRP_IDT2_mod_110nt	129	118	G	0	0	0	0	0.238295
Ecoli_SRP_IDT2_mod_110nt	129	119	G	0	0	0	0	0.238295
Ecoli_SRP_IDT2_mod_110nt	129	120	G	0	0	0	0	0.238295
Ecoli_SRP_IDT2_mod_110nt	129	121	C	0	0	0	0	0.238295
Ecoli_SRP_IDT2_mod_110nt	129	122	A	0	0	0	0	0.238295
Ecoli_SRP_IDT2_mod_110nt	129	123	C	0	0	0	0	0.238295
Ecoli_SRP_IDT2_mod_110nt	129	124	C	0	0	0	0	0.238295
Ecoli_SRP_IDT2_mod_110nt	129	125	A	0	0	0	0	0.238295
Ecoli_SRP_IDT2_mod_110nt	129	126	A	0	0	0	0	0.238295
Ecoli_SRP_IDT2_mod_110nt	129	127	G	0	0	0	0	0.238295
Ecoli_SRP_IDT2_mod_110nt	129	128	G	0	0	0	0	0.238295
