sequence	rt_start	five_prime_offset	nucleotide	treated_mods	untreated_mods	beta	theta	c
Ecoli_SRP_IDT2_mod_109nt	128	0	*	6688	5131	-	-	0.175963
Ecoli_SRP_IDT2_mod_109nt	128	1	A	360	105	0.18086	0.182833	0.175963
Ecoli_SRP_IDT2_mod_109nt	128	2	T	101	25	0.0538167	0.0537917	0.175963
Ecoli_SRP_IDT2_mod_109nt	128	3	C	16	6	0.00625622	0.00622721	0.175963
Ecoli_SRP_IDT2_mod_109nt	128	4	G	13	2	0.00818079	0.00814424	0.175963
Ecoli_SRP_IDT2_mod_109nt	128	5	G	0	3	0	0	0.175963
Ecoli_SRP_IDT2_mod_109nt	128	6	G	11	3	0.00549521	0.00546937	0.175963
Ecoli_SRP_IDT2_mod_109nt	128	7	G	6	9	0	0	0.175963
Ecoli_SRP_IDT2_mod_109nt	128	8	G	22	19	0	0	0.175963
Ecoli_SRP_IDT2_mod_109nt	128	9	C	10	7	0.000374285	0.000372358	0.175963
Ecoli_SRP_IDT2_mod_109nt	128	10	T	18	13	0.000241893	0.000240645	0.175963
Ecoli_SRP_IDT2_mod_109nt	128	11	C	32	20	0.00375125	0.00373304	0.175963
Ecoli_SRP_IDT2_mod_109nt	128	12	T	18	7	0.00662979	0.00659927	0.175963
Ecoli_SRP_IDT2_mod_109nt	128	13	G	11	4	0.0043363	0.00431548	0.175963
Ecoli_SRP_IDT2_mod_109nt	128	14	T	39	15	0.0144128	0.0143562	0.175963
Ecoli_SRP_IDT2_mod_109nt	128	15	T	38	10	0.0188174	0.0187508	0.175963
Ecoli_SRP_IDT2_mod_109nt	128	16	G	16	14	0	0	0.175963
Ecoli_SRP_IDT2_mod_109nt	128	17	G	791	648	0	0	0.175963
Ecoli_SRP_IDT2_mod_109nt	128	18	T	115	96	0	0	0.175963
Ecoli_SRP_IDT2_mod_109nt	128	19	T	19	7	0.00653831	0.00650816	0.175963
Ecoli_SRP_IDT2_mod_109nt	128	20	C	5	4	0	0	0.175963
Ecoli_SRP_IDT2_mod_109nt	128	21	T	9	5	0.00152528	0.00151758	0.175963
Ecoli_SRP_IDT2_mod_109nt	128	22	C	13	5	0.00425792	0.00423744	0.175963
Ecoli_SRP_IDT2_mod_109nt	128	23	C	31	10	0.0118851	0.0118359	0.175963
Ecoli_SRP_IDT2_mod_109nt	128	24	C	42	14	0.01558	0.0155204	0.175963
Ecoli_SRP_IDT2_mod_109nt	128	25	G	28	15	0.00510974	0.00508554	0.175963
Ecoli_SRP_IDT2_mod_109nt	128	26	C	58	33	0.00872116	0.00868261	0.175963
Ecoli_SRP_IDT2_mod_109nt	128	27	A	22	10	0.00558426	0.00555805	0.175963
Ecoli_SRP_IDT2_mod_109nt	128	28	A	7	5	0.000109356	0.000108791	0.175963
Ecoli_SRP_IDT2_mod_109nt	128	29	C	50	19	0.0159764	0.0159159	0.175963
Ecoli_SRP_IDT2_mod_109nt	128	30	G	8	3	0.00258254	0.00256974	0.175963
Ecoli_SRP_IDT2_mod_109nt	128	31	C	86	35	0.0249923	0.0249173	0.175963
Ecoli_SRP_IDT2_mod_109nt	128	32	T	78	36	0.0185174	0.0184513	0.175963
Ecoli_SRP_IDT2_mod_109nt	128	33	A	10	8	0	0	0.175963
Ecoli_SRP_IDT2_mod_109nt	128	34	C	10	4	0.00290899	0.00289466	0.175963
Ecoli_SRP_IDT2_mod_109nt	128	35	T	18	11	0.0018106	0.00180151	0.175963
Ecoli_SRP_IDT2_mod_109nt	128	36	C	32	8	0.0135417	0.0134876	0.175963
Ecoli_SRP_IDT2_mod_109nt	128	37	T	36	20	0.00532723	0.0053021	0.175963
Ecoli_SRP_IDT2_mod_109nt	128	38	G	39	15	0.0116627	0.0116141	0.175963
Ecoli_SRP_IDT2_mod_109nt	128	39	T	8	10	0	0	0.175963
Ecoli_SRP_IDT2_mod_109nt	128	40	T	38	9	0.0162675	0.0162063	0.175963
Ecoli_SRP_IDT2_mod_109nt	128	41	T	220	64	0.0814669	0.0816283	0.175963
Ecoli_SRP_IDT2_mod_109nt	128	42	A	123	23	0.0556083	0.0555912	0.175963
Ecoli_SRP_IDT2_mod_109nt	128	43	C	77	29	0.0216958	0.0216245	0.175963
Ecoli_SRP_IDT2_mod_109nt	128	44	C	206	85	0.0502041	0.0501647	0.175963
Ecoli_SRP_IDT2_mod_109nt	128	45	A	25	6	0.00971097	0.00966888	0.175963
Ecoli_SRP_IDT2_mod_109nt	128	46	G	14	12	0	0	0.175963
Ecoli_SRP_IDT2_mod_109nt	128	47	G	48	24	0.00783172	0.00779649	0.175963
Ecoli_SRP_IDT2_mod_109nt	128	48	T	16	13	0	0	0.175963
Ecoli_SRP_IDT2_mod_109nt	128	49	C	49	33	0.00068548	0.000681969	0.175963
Ecoli_SRP_IDT2_mod_109nt	128	50	A	22	5	0.00864145	0.00860319	0.175963
Ecoli_SRP_IDT2_mod_109nt	128	51	G	12	2	0.00532199	0.00529688	0.175963
Ecoli_SRP_IDT2_mod_109nt	128	52	G	26	9	0.00753977	0.00750566	0.175963
Ecoli_SRP_IDT2_mod_109nt	128	53	T	5	4	0	0	0.175963
Ecoli_SRP_IDT2_mod_109nt	128	54	C	15	5	0.0044985	0.00447695	0.175963
Ecoli_SRP_IDT2_mod_109nt	128	55	C	56	17	0.0180919	0.0180267	0.175963
Ecoli_SRP_IDT2_mod_109nt	128	56	G	26	6	0.00995344	0.00991051	0.175963
Ecoli_SRP_IDT2_mod_109nt	128	57	G	122	17	0.0554055	0.0553875	0.175963
Ecoli_SRP_IDT2_mod_109nt	128	58	A	75	11	0.0332633	0.0331877	0.175963
Ecoli_SRP_IDT2_mod_109nt	128	59	A	19	4	0.00737804	0.00734455	0.175963
Ecoli_SRP_IDT2_mod_109nt	128	60	G	14	6	0.00286177	0.00284766	0.175963
Ecoli_SRP_IDT2_mod_109nt	128	61	G	60	18	0.0186261	0.0185599	0.175963
Ecoli_SRP_IDT2_mod_109nt	128	62	A	26	23	0	0	0.175963
Ecoli_SRP_IDT2_mod_109nt	128	63	A	23	8	0.00617499	0.00614632	0.175963
Ecoli_SRP_IDT2_mod_109nt	128	64	G	69	55	0	0	0.175963
Ecoli_SRP_IDT2_mod_109nt	128	65	C	41	24	0.00286393	0.00284981	0.175963
Ecoli_SRP_IDT2_mod_109nt	128	66	A	35	15	0.00693925	0.00690749	0.175963
Ecoli_SRP_IDT2_mod_109nt	128	67	G	35	27	0	0	0.175963
Ecoli_SRP_IDT2_mod_109nt	128	68	C	66	46	0	0	0.175963
Ecoli_SRP_IDT2_mod_109nt	128	69	C	52	44	0	0	0.175963
Ecoli_SRP_IDT2_mod_109nt	128	70	A	15	5	0.00408568	0.00406597	0.175963
Ecoli_SRP_IDT2_mod_109nt	128	71	A	13	4	0.00380333	0.00378488	0.175963
Ecoli_SRP_IDT2_mod_109nt	128	72	G	14	6	0.00272198	0.00270853	0.175963
Ecoli_SRP_IDT2_mod_109nt	128	73	G	36	16	0.00650976	0.00647972	0.175963
Ecoli_SRP_IDT2_mod_109nt	128	74	C	35	36	0	0	0.175963
Ecoli_SRP_IDT2_mod_109nt	128	75	A	3	3	0	0	0.175963
Ecoli_SRP_IDT2_mod_109nt	128	76	G	37	35	0	0	0.175963
Ecoli_SRP_IDT2_mod_109nt	128	77	A	11	8	0	0	0.175963
Ecoli_SRP_IDT2_mod_109nt	128	78	T	4	4	0	0	0.175963
Ecoli_SRP_IDT2_mod_109nt	128	79	G	27	15	0.00247007	0.00245781	0.175963
Ecoli_SRP_IDT2_mod_109nt	128	80	A	7	4	0.000550414	0.000547588	0.175963
Ecoli_SRP_IDT2_mod_109nt	128	81	C	17	17	0	0	0.175963
Ecoli_SRP_IDT2_mod_109nt	128	82	G	19	12	0.000591049	0.000588017	0.175963
Ecoli_SRP_IDT2_mod_109nt	128	83	C	25	17	0	0	0.175963
Ecoli_SRP_IDT2_mod_109nt	128	84	G	36	20	0.00326458	0.00324859	0.175963
Ecoli_SRP_IDT2_mod_109nt	128	85	T	37	15	0.0076912	0.0076565	0.175963
Ecoli_SRP_IDT2_mod_109nt	128	86	G	160	67	0.0310567	0.0309801	0.175963
Ecoli_SRP_IDT2_mod_109nt	128	87	T	150	73	0.0206425	0.0205727	0.175963
Ecoli_SRP_IDT2_mod_109nt	128	88	G	60	43	0	0	0.175963
Ecoli_SRP_IDT2_mod_109nt	128	89	C	37	22	0.00195543	0.00194563	0.175963
Ecoli_SRP_IDT2_mod_109nt	128	90	C	35	21	0.00169454	0.00168601	0.175963
Ecoli_SRP_IDT2_mod_109nt	128	91	G	7	2	0.00201219	0.00200212	0.175963
Ecoli_SRP_IDT2_mod_109nt	128	92	G	7	0	0.00353223	0.00351502	0.175963
Ecoli_SRP_IDT2_mod_109nt	128	93	G	63	30	0.00889918	0.00885998	0.175963
Ecoli_SRP_IDT2_mod_109nt	128	94	A	6	2	0.00149339	0.00148585	0.175963
Ecoli_SRP_IDT2_mod_109nt	128	95	T	4	0	0.00200549	0.00199544	0.175963
Ecoli_SRP_IDT2_mod_109nt	128	96	G	7	2	0.00199208	0.00198211	0.175963
Ecoli_SRP_IDT2_mod_109nt	128	97	T	4	2	0.000488194	0.000485686	0.175963
Ecoli_SRP_IDT2_mod_109nt	128	98	A	1	0	0.000500844	0.000498271	0.175963
Ecoli_SRP_IDT2_mod_109nt	128	99	G	0	0	0	0	0.175963
Ecoli_SRP_IDT2_mod_109nt	128	100	C	0	1	0	0	0.175963
Ecoli_SRP_IDT2_mod_109nt	128	101	T	0	0	0	0	0.175963
Ecoli_SRP_IDT2_mod_109nt	128	102	G	3	2	0	0	0.175963
Ecoli_SRP_IDT2_mod_109nt	128	103	G	6	16	0	0	0.175963
Ecoli_SRP_IDT2_mod_109nt	128	104	C	12	20	0	0	0.175963
Ecoli_SRP_IDT2_mod_109nt	128	105	A	38	35	0	0	0.175963
Ecoli_SRP_IDT2_mod_109nt	128	106	G	2	1	0.000246112	0.000244842	0.175963
Ecoli_SRP_IDT2_mod_109nt	128	107	G	20	12	0.00095857	0.000953684	0.175963
Ecoli_SRP_IDT2_mod_109nt	128	108	G	29	127	0	0	0.175963
Ecoli_SRP_IDT2_mod_109nt	128	109	C	1196	2280	0	0	0.175963
Ecoli_SRP_IDT2_mod_109nt	128	110	C	5	16	0	0	0.175963
Ecoli_SRP_IDT2_mod_109nt	128	111	T	15	56	0	0	0.175963
Ecoli_SRP_IDT2_mod_109nt	128	112	G	30	64	0	0	0.175963
Ecoli_SRP_IDT2_mod_109nt	128	113	A	1	4	0	0	0.175963
Ecoli_SRP_IDT2_mod_109nt	128	114	C	0	1	0	0	0.175963
Ecoli_SRP_IDT2_mod_109nt	128	115	T	0	0	0	0	0.175963
Ecoli_SRP_IDT2_mod_109nt	128	116	C	0	0	0	0	0.175963
Ecoli_SRP_IDT2_mod_109nt	128	117	G	0	0	0	0	0.175963
Ecoli_SRP_IDT2_mod_109nt	128	118	G	0	0	0	0	0.175963
Ecoli_SRP_IDT2_mod_109nt	128	119	G	0	0	0	0	0.175963
Ecoli_SRP_IDT2_mod_109nt	128	120	C	0	0	0	0	0.175963
Ecoli_SRP_IDT2_mod_109nt	128	121	A	0	0	0	0	0.175963
Ecoli_SRP_IDT2_mod_109nt	128	122	C	0	0	0	0	0.175963
Ecoli_SRP_IDT2_mod_109nt	128	123	C	0	0	0	0	0.175963
Ecoli_SRP_IDT2_mod_109nt	128	124	A	0	0	0	0	0.175963
Ecoli_SRP_IDT2_mod_109nt	128	125	A	0	0	0	0	0.175963
Ecoli_SRP_IDT2_mod_109nt	128	126	G	0	0	0	0	0.175963
Ecoli_SRP_IDT2_mod_109nt	128	127	G	0	0	0	0	0.175963
