sequence	rt_start	five_prime_offset	nucleotide	treated_mods	untreated_mods	beta	theta	c
Ecoli_SRP_IDT2_mod_80nt	99	0	*	9312	11697	-	-	0.262676
Ecoli_SRP_IDT2_mod_80nt	99	1	A	495	185	0.135938	0.137433	0.262676
Ecoli_SRP_IDT2_mod_80nt	99	2	T	116	30	0.0352519	0.0351659	0.262676
Ecoli_SRP_IDT2_mod_80nt	99	3	C	4	2	0.0009014	0.000895168	0.262676
Ecoli_SRP_IDT2_mod_80nt	99	4	G	10	1	0.00353676	0.00351351	0.262676
Ecoli_SRP_IDT2_mod_80nt	99	5	G	1	0	0.000385785	0.000383092	0.262676
Ecoli_SRP_IDT2_mod_80nt	99	6	G	12	12	0.000767212	0.000761893	0.262676
Ecoli_SRP_IDT2_mod_80nt	99	7	G	11	7	0.00198617	0.00197272	0.262676
Ecoli_SRP_IDT2_mod_80nt	99	8	G	42	38	0.00394102	0.00391532	0.262676
Ecoli_SRP_IDT2_mod_80nt	99	9	C	23	35	0	0	0.262676
Ecoli_SRP_IDT2_mod_80nt	99	10	T	38	32	0.00429702	0.0042692	0.262676
Ecoli_SRP_IDT2_mod_80nt	99	11	C	121	33	0.0351636	0.0350775	0.262676
Ecoli_SRP_IDT2_mod_80nt	99	12	T	41	13	0.0112596	0.0111969	0.262676
Ecoli_SRP_IDT2_mod_80nt	99	13	G	26	24	0.00212858	0.0021142	0.262676
Ecoli_SRP_IDT2_mod_80nt	99	14	T	115	25	0.0347017	0.0346146	0.262676
Ecoli_SRP_IDT2_mod_80nt	99	15	T	89	18	0.0269949	0.0268999	0.262676
Ecoli_SRP_IDT2_mod_80nt	99	16	G	42	19	0.00936817	0.00931368	0.262676
Ecoli_SRP_IDT2_mod_80nt	99	17	G	1707	1701	0.0753329	0.0755479	0.262676
Ecoli_SRP_IDT2_mod_80nt	99	18	T	337	176	0.055681	0.0556949	0.262676
Ecoli_SRP_IDT2_mod_80nt	99	19	T	44	11	0.0104116	0.0103525	0.262676
Ecoli_SRP_IDT2_mod_80nt	99	20	C	14	7	0.00235312	0.0023373	0.262676
Ecoli_SRP_IDT2_mod_80nt	99	21	T	18	12	0.00220309	0.00218823	0.262676
Ecoli_SRP_IDT2_mod_80nt	99	22	C	17	15	0.00107891	0.00107147	0.262676
Ecoli_SRP_IDT2_mod_80nt	99	23	C	43	23	0.00676774	0.00672609	0.262676
Ecoli_SRP_IDT2_mod_80nt	99	24	C	63	63	0.00193121	0.00191811	0.262676
Ecoli_SRP_IDT2_mod_80nt	99	25	G	68	69	0.00179524	0.00178303	0.262676
Ecoli_SRP_IDT2_mod_80nt	99	26	C	127	101	0.010729	0.0106685	0.262676
Ecoli_SRP_IDT2_mod_80nt	99	27	A	116	32	0.0256	0.0255053	0.262676
Ecoli_SRP_IDT2_mod_80nt	99	28	A	55	23	0.00998206	0.0099248	0.262676
Ecoli_SRP_IDT2_mod_80nt	99	29	C	159	43	0.0346435	0.0345563	0.262676
Ecoli_SRP_IDT2_mod_80nt	99	30	G	17	7	0.00305151	0.00303126	0.262676
Ecoli_SRP_IDT2_mod_80nt	99	31	C	308	153	0.0472211	0.0471803	0.262676
Ecoli_SRP_IDT2_mod_80nt	99	32	T	337	100	0.0671532	0.0672719	0.262676
Ecoli_SRP_IDT2_mod_80nt	99	33	A	54	17	0.0103925	0.0103334	0.262676
Ecoli_SRP_IDT2_mod_80nt	99	34	C	25	14	0.00320398	0.00318278	0.262676
Ecoli_SRP_IDT2_mod_80nt	99	35	T	55	13	0.0116269	0.0115627	0.262676
Ecoli_SRP_IDT2_mod_80nt	99	36	C	83	36	0.0131949	0.0131247	0.262676
Ecoli_SRP_IDT2_mod_80nt	99	37	T	179	25	0.0415098	0.0414427	0.262676
Ecoli_SRP_IDT2_mod_80nt	99	38	G	139	28	0.029669	0.029575	0.262676
Ecoli_SRP_IDT2_mod_80nt	99	39	T	13	3	0.00266866	0.00265082	0.262676
Ecoli_SRP_IDT2_mod_80nt	99	40	T	130	9	0.0318197	0.0317278	0.262676
Ecoli_SRP_IDT2_mod_80nt	99	41	T	427	89	0.0865776	0.0869544	0.262676
Ecoli_SRP_IDT2_mod_80nt	99	42	A	66	31	0.00883872	0.0087867	0.262676
Ecoli_SRP_IDT2_mod_80nt	99	43	C	21	19	0.000466267	0.000463017	0.262676
Ecoli_SRP_IDT2_mod_80nt	99	44	C	75	63	0.002891	0.00287175	0.262676
Ecoli_SRP_IDT2_mod_80nt	99	45	A	14	8	0.00149361	0.0014834	0.262676
Ecoli_SRP_IDT2_mod_80nt	99	46	G	22	10	0.00299606	0.00297616	0.262676
Ecoli_SRP_IDT2_mod_80nt	99	47	G	125	35	0.0223781	0.0222859	0.262676
Ecoli_SRP_IDT2_mod_80nt	99	48	T	17	13	0.000944138	0.000937614	0.262676
Ecoli_SRP_IDT2_mod_80nt	99	49	C	81	41	0.00975327	0.00969703	0.262676
Ecoli_SRP_IDT2_mod_80nt	99	50	A	10	2	0.00197383	0.00196045	0.262676
Ecoli_SRP_IDT2_mod_80nt	99	51	G	8	1	0.00172967	0.00171789	0.262676
Ecoli_SRP_IDT2_mod_80nt	99	52	G	51	10	0.0100762	0.0100185	0.262676
Ecoli_SRP_IDT2_mod_80nt	99	53	T	14	3	0.00269735	0.00267933	0.262676
Ecoli_SRP_IDT2_mod_80nt	99	54	C	21	2	0.00467045	0.00464044	0.262676
Ecoli_SRP_IDT2_mod_80nt	99	55	C	30	15	0.00359719	0.00357358	0.262676
Ecoli_SRP_IDT2_mod_80nt	99	56	G	16	5	0.00267086	0.00265301	0.262676
Ecoli_SRP_IDT2_mod_80nt	99	57	G	62	25	0.00889196	0.00883969	0.262676
Ecoli_SRP_IDT2_mod_80nt	99	58	A	38	7	0.00751864	0.0074731	0.262676
Ecoli_SRP_IDT2_mod_80nt	99	59	A	12	0	0.00292741	0.00290794	0.262676
Ecoli_SRP_IDT2_mod_80nt	99	60	G	13	6	0.00165967	0.00164836	0.262676
Ecoli_SRP_IDT2_mod_80nt	99	61	G	37	41	0	0	0.262676
Ecoli_SRP_IDT2_mod_80nt	99	62	A	23	8	0.0035803	0.00355678	0.262676
Ecoli_SRP_IDT2_mod_80nt	99	63	A	9	6	0.000680139	0.000675417	0.262676
Ecoli_SRP_IDT2_mod_80nt	99	64	G	4	12	0	0	0.262676
Ecoli_SRP_IDT2_mod_80nt	99	65	C	3	8	0	0	0.262676
Ecoli_SRP_IDT2_mod_80nt	99	66	A	7	4	0.000696182	0.00069135	0.262676
Ecoli_SRP_IDT2_mod_80nt	99	67	G	17	9	0.00186708	0.0018544	0.262676
Ecoli_SRP_IDT2_mod_80nt	99	68	C	2	2	0	0	0.262676
Ecoli_SRP_IDT2_mod_80nt	99	69	C	4	6	0	0	0.262676
Ecoli_SRP_IDT2_mod_80nt	99	70	A	4	1	0.000718245	0.000713261	0.262676
Ecoli_SRP_IDT2_mod_80nt	99	71	A	0	0	0	0	0.262676
Ecoli_SRP_IDT2_mod_80nt	99	72	G	0	1	0	0	0.262676
Ecoli_SRP_IDT2_mod_80nt	99	73	G	4	3	0.000218135	0.000216607	0.262676
Ecoli_SRP_IDT2_mod_80nt	99	74	C	8	26	0	0	0.262676
Ecoli_SRP_IDT2_mod_80nt	99	75	A	7	4	0.000694646	0.000689824	0.262676
Ecoli_SRP_IDT2_mod_80nt	99	76	G	76	132	0	0	0.262676
Ecoli_SRP_IDT2_mod_80nt	99	77	A	9	15	0	0	0.262676
Ecoli_SRP_IDT2_mod_80nt	99	78	T	5	27	0	0	0.262676
Ecoli_SRP_IDT2_mod_80nt	99	79	G	6574	23035	0	0	0.262676
Ecoli_SRP_IDT2_mod_80nt	99	80	A	1250	2378	0	0	0.262676
Ecoli_SRP_IDT2_mod_80nt	99	81	C	5	7	0.000151072	0.000150013	0.262676
Ecoli_SRP_IDT2_mod_80nt	99	82	T	16	64	0	0	0.262676
Ecoli_SRP_IDT2_mod_80nt	99	83	G	32	79	0	0	0.262676
Ecoli_SRP_IDT2_mod_80nt	99	84	A	0	0	0	0	0.262676
Ecoli_SRP_IDT2_mod_80nt	99	85	C	0	0	0	0	0.262676
Ecoli_SRP_IDT2_mod_80nt	99	86	T	0	0	0	0	0.262676
Ecoli_SRP_IDT2_mod_80nt	99	87	C	0	0	0	0	0.262676
Ecoli_SRP_IDT2_mod_80nt	99	88	G	0	0	0	0	0.262676
Ecoli_SRP_IDT2_mod_80nt	99	89	G	0	0	0	0	0.262676
Ecoli_SRP_IDT2_mod_80nt	99	90	G	0	0	0	0	0.262676
Ecoli_SRP_IDT2_mod_80nt	99	91	C	0	0	0	0	0.262676
Ecoli_SRP_IDT2_mod_80nt	99	92	A	0	0	0	0	0.262676
Ecoli_SRP_IDT2_mod_80nt	99	93	C	0	0	0	0	0.262676
Ecoli_SRP_IDT2_mod_80nt	99	94	C	0	0	0	0	0.262676
Ecoli_SRP_IDT2_mod_80nt	99	95	A	0	0	0	0	0.262676
Ecoli_SRP_IDT2_mod_80nt	99	96	A	0	0	0	0	0.262676
Ecoli_SRP_IDT2_mod_80nt	99	97	G	0	0	0	0	0.262676
Ecoli_SRP_IDT2_mod_80nt	99	98	G	0	0	0	0	0.262676
