sequence	rt_start	five_prime_offset	nucleotide	treated_mods	untreated_mods	beta	theta	c
Ecoli_SRP_IDT2_mod_66nt	85	0	*	3797	4160	-	-	0.202136
Ecoli_SRP_IDT2_mod_66nt	85	1	A	232	64	0.214733	0.21787	0.202136
Ecoli_SRP_IDT2_mod_66nt	85	2	T	46	19	0.0340962	0.0339599	0.202136
Ecoli_SRP_IDT2_mod_66nt	85	3	C	4	1	0.00371405	0.00368791	0.202136
Ecoli_SRP_IDT2_mod_66nt	85	4	G	2	1	0.00126877	0.00125953	0.202136
Ecoli_SRP_IDT2_mod_66nt	85	5	G	2	0	0.00244138	0.00242389	0.202136
Ecoli_SRP_IDT2_mod_66nt	85	6	G	5	1	0.00492332	0.00488927	0.202136
Ecoli_SRP_IDT2_mod_66nt	85	7	G	2	5	0	0	0.202136
Ecoli_SRP_IDT2_mod_66nt	85	8	G	17	15	0.00311654	0.00309442	0.202136
Ecoli_SRP_IDT2_mod_66nt	85	9	C	9	14	0	0	0.202136
Ecoli_SRP_IDT2_mod_66nt	85	10	T	12	14	0	0	0.202136
Ecoli_SRP_IDT2_mod_66nt	85	11	C	44	24	0.0250014	0.0248787	0.202136
Ecoli_SRP_IDT2_mod_66nt	85	12	T	17	6	0.0133292	0.0132482	0.202136
Ecoli_SRP_IDT2_mod_66nt	85	13	G	11	3	0.00960464	0.00954269	0.202136
Ecoli_SRP_IDT2_mod_66nt	85	14	T	29	3	0.030746	0.0306128	0.202136
Ecoli_SRP_IDT2_mod_66nt	85	15	T	29	10	0.022513	0.0223968	0.202136
Ecoli_SRP_IDT2_mod_66nt	85	16	G	5	8	0	0	0.202136
Ecoli_SRP_IDT2_mod_66nt	85	17	G	655	613	0.0547091	0.054604	0.202136
Ecoli_SRP_IDT2_mod_66nt	85	18	T	113	83	0.0304329	0.0303001	0.202136
Ecoli_SRP_IDT2_mod_66nt	85	19	T	16	5	0.0108756	0.0108068	0.202136
Ecoli_SRP_IDT2_mod_66nt	85	20	C	4	6	0	0	0.202136
Ecoli_SRP_IDT2_mod_66nt	85	21	T	5	4	0.000988896	0.000981668	0.202136
Ecoli_SRP_IDT2_mod_66nt	85	22	C	12	7	0.00492129	0.00488725	0.202136
Ecoli_SRP_IDT2_mod_66nt	85	23	C	13	9	0.00392022	0.00389271	0.202136
Ecoli_SRP_IDT2_mod_66nt	85	24	C	21	21	0	0	0.202136
Ecoli_SRP_IDT2_mod_66nt	85	25	G	19	18	0.000952637	0.000945671	0.202136
Ecoli_SRP_IDT2_mod_66nt	85	26	C	42	25	0.0163779	0.0162833	0.202136
Ecoli_SRP_IDT2_mod_66nt	85	27	A	42	18	0.0229009	0.0227836	0.202136
Ecoli_SRP_IDT2_mod_66nt	85	28	A	15	4	0.0104673	0.0104007	0.202136
Ecoli_SRP_IDT2_mod_66nt	85	29	C	53	16	0.0347998	0.0346632	0.202136
Ecoli_SRP_IDT2_mod_66nt	85	30	G	4	2	0.00185396	0.00184056	0.202136
Ecoli_SRP_IDT2_mod_66nt	85	31	C	122	54	0.0618309	0.0617567	0.202136
Ecoli_SRP_IDT2_mod_66nt	85	32	T	93	39	0.0478832	0.0477583	0.202136
Ecoli_SRP_IDT2_mod_66nt	85	33	A	18	3	0.013455	0.0133734	0.202136
Ecoli_SRP_IDT2_mod_66nt	85	34	C	13	5	0.00701837	0.00697129	0.202136
Ecoli_SRP_IDT2_mod_66nt	85	35	T	24	7	0.0149854	0.0148968	0.202136
Ecoli_SRP_IDT2_mod_66nt	85	36	C	26	12	0.0119928	0.0119183	0.202136
Ecoli_SRP_IDT2_mod_66nt	85	37	T	39	17	0.0187578	0.018654	0.202136
Ecoli_SRP_IDT2_mod_66nt	85	38	G	33	13	0.0170193	0.0169221	0.202136
Ecoli_SRP_IDT2_mod_66nt	85	39	T	5	5	0	0	0.202136
Ecoli_SRP_IDT2_mod_66nt	85	40	T	35	8	0.0232556	0.0231374	0.202136
Ecoli_SRP_IDT2_mod_66nt	85	41	T	95	27	0.0571414	0.0570457	0.202136
Ecoli_SRP_IDT2_mod_66nt	85	42	A	21	6	0.012493	0.012416	0.202136
Ecoli_SRP_IDT2_mod_66nt	85	43	C	4	5	0	0	0.202136
Ecoli_SRP_IDT2_mod_66nt	85	44	C	34	16	0.0142857	0.0142002	0.202136
Ecoli_SRP_IDT2_mod_66nt	85	45	A	7	2	0.00412283	0.00409398	0.202136
Ecoli_SRP_IDT2_mod_66nt	85	46	G	9	12	0	0	0.202136
Ecoli_SRP_IDT2_mod_66nt	85	47	G	69	16	0.0434836	0.0433509	0.202136
Ecoli_SRP_IDT2_mod_66nt	85	48	T	2	1	0.000763861	0.000758261	0.202136
Ecoli_SRP_IDT2_mod_66nt	85	49	C	21	4	0.0139392	0.0138553	0.202136
Ecoli_SRP_IDT2_mod_66nt	85	50	A	4	0	0.00335008	0.00332638	0.202136
Ecoli_SRP_IDT2_mod_66nt	85	51	G	1	0	0.00083738	0.000831246	0.202136
Ecoli_SRP_IDT2_mod_66nt	85	52	G	9	1	0.00660871	0.00656411	0.202136
Ecoli_SRP_IDT2_mod_66nt	85	53	T	2	0	0.00167167	0.00165956	0.202136
Ecoli_SRP_IDT2_mod_66nt	85	54	C	5	0	0.00417567	0.00414648	0.202136
Ecoli_SRP_IDT2_mod_66nt	85	55	C	1	0	0.000834995	0.000828879	0.202136
Ecoli_SRP_IDT2_mod_66nt	85	56	G	0	0	0	0	0.202136
Ecoli_SRP_IDT2_mod_66nt	85	57	G	0	1	0	0	0.202136
Ecoli_SRP_IDT2_mod_66nt	85	58	A	0	5	0	0	0.202136
Ecoli_SRP_IDT2_mod_66nt	85	59	A	3	4	0	0	0.202136
Ecoli_SRP_IDT2_mod_66nt	85	60	G	1	10	0	0	0.202136
Ecoli_SRP_IDT2_mod_66nt	85	61	G	4	5	0	0	0.202136
Ecoli_SRP_IDT2_mod_66nt	85	62	A	9	30	0	0	0.202136
Ecoli_SRP_IDT2_mod_66nt	85	63	A	0	1	0	0	0.202136
Ecoli_SRP_IDT2_mod_66nt	85	64	G	28	123	0	0	0.202136
Ecoli_SRP_IDT2_mod_66nt	85	65	C	6686	22869	0	0	0.202136
Ecoli_SRP_IDT2_mod_66nt	85	66	A	1259	2464	0.0572125	0.0571171	0.202136
Ecoli_SRP_IDT2_mod_66nt	85	67	C	6	15	0	0	0.202136
Ecoli_SRP_IDT2_mod_66nt	85	68	T	23	77	0	0	0.202136
Ecoli_SRP_IDT2_mod_66nt	85	69	G	42	67	0.00419293	0.00416362	0.202136
Ecoli_SRP_IDT2_mod_66nt	85	70	A	0	2	0	0	0.202136
Ecoli_SRP_IDT2_mod_66nt	85	71	C	0	1	0	0	0.202136
Ecoli_SRP_IDT2_mod_66nt	85	72	T	0	2	0	0	0.202136
Ecoli_SRP_IDT2_mod_66nt	85	73	C	0	0	0	0	0.202136
Ecoli_SRP_IDT2_mod_66nt	85	74	G	0	0	0	0	0.202136
Ecoli_SRP_IDT2_mod_66nt	85	75	G	0	0	0	0	0.202136
Ecoli_SRP_IDT2_mod_66nt	85	76	G	0	0	0	0	0.202136
Ecoli_SRP_IDT2_mod_66nt	85	77	C	0	0	0	0	0.202136
Ecoli_SRP_IDT2_mod_66nt	85	78	A	0	0	0	0	0.202136
Ecoli_SRP_IDT2_mod_66nt	85	79	C	0	0	0	0	0.202136
Ecoli_SRP_IDT2_mod_66nt	85	80	C	0	0	0	0	0.202136
Ecoli_SRP_IDT2_mod_66nt	85	81	A	0	0	0	0	0.202136
Ecoli_SRP_IDT2_mod_66nt	85	82	A	0	0	0	0	0.202136
Ecoli_SRP_IDT2_mod_66nt	85	83	G	0	0	0	0	0.202136
Ecoli_SRP_IDT2_mod_66nt	85	84	G	0	0	0	0	0.202136
