sequence	rt_start	five_prime_offset	nucleotide	treated_mods	untreated_mods	beta	theta	c
Ecoli_SRP_IDT2_mod_74nt	93	0	*	16998	11707	-	-	0.15641
Ecoli_SRP_IDT2_mod_74nt	93	1	A	735	200	0.161044	0.162343	0.15641
Ecoli_SRP_IDT2_mod_74nt	93	2	T	164	36	0.0396168	0.0395557	0.15641
Ecoli_SRP_IDT2_mod_74nt	93	3	C	15	6	0.00215472	0.00214511	0.15641
Ecoli_SRP_IDT2_mod_74nt	93	4	G	30	8	0.00644666	0.00642007	0.15641
Ecoli_SRP_IDT2_mod_74nt	93	5	G	5	1	0.00125244	0.00124677	0.15641
Ecoli_SRP_IDT2_mod_74nt	93	6	G	138	62	0.015964	0.0159099	0.15641
Ecoli_SRP_IDT2_mod_74nt	93	7	G	55	21	0.00828702	0.00825403	0.15641
Ecoli_SRP_IDT2_mod_74nt	93	8	G	126	90	0	0	0.15641
Ecoli_SRP_IDT2_mod_74nt	93	9	C	47	31	0.000113078	0.000112556	0.15641
Ecoli_SRP_IDT2_mod_74nt	93	10	T	44	44	0	0	0.15641
Ecoli_SRP_IDT2_mod_74nt	93	11	C	133	33	0.0289615	0.0288928	0.15641
Ecoli_SRP_IDT2_mod_74nt	93	12	T	60	12	0.0144983	0.0144476	0.15641
Ecoli_SRP_IDT2_mod_74nt	93	13	G	28	13	0.00287513	0.00286248	0.15641
Ecoli_SRP_IDT2_mod_74nt	93	14	T	99	22	0.0225855	0.0225207	0.15641
Ecoli_SRP_IDT2_mod_74nt	93	15	T	107	25	0.0235928	0.0235269	0.15641
Ecoli_SRP_IDT2_mod_74nt	93	16	G	44	21	0.00407959	0.00406202	0.15641
Ecoli_SRP_IDT2_mod_74nt	93	17	G	2733	1672	0.0536998	0.0536762	0.15641
Ecoli_SRP_IDT2_mod_74nt	93	18	T	452	190	0.0465315	0.0464849	0.15641
Ecoli_SRP_IDT2_mod_74nt	93	19	T	37	10	0.0062604	0.00623449	0.15641
Ecoli_SRP_IDT2_mod_74nt	93	20	C	19	15	0	0	0.15641
Ecoli_SRP_IDT2_mod_74nt	93	21	T	19	8	0.00191443	0.00190586	0.15641
Ecoli_SRP_IDT2_mod_74nt	93	22	C	36	6	0.00774724	0.00771607	0.15641
Ecoli_SRP_IDT2_mod_74nt	93	23	C	61	21	0.00821018	0.00817744	0.15641
Ecoli_SRP_IDT2_mod_74nt	93	24	C	123	65	0.00628656	0.00626056	0.15641
Ecoli_SRP_IDT2_mod_74nt	93	25	G	102	70	0	0	0.15641
Ecoli_SRP_IDT2_mod_74nt	93	26	C	177	89	0.0109165	0.0108753	0.15641
Ecoli_SRP_IDT2_mod_74nt	93	27	A	69	35	0.0040816	0.00406402	0.15641
Ecoli_SRP_IDT2_mod_74nt	93	28	A	36	20	0.00135254	0.00134643	0.15641
Ecoli_SRP_IDT2_mod_74nt	93	29	C	118	46	0.0130026	0.0129556	0.15641
Ecoli_SRP_IDT2_mod_74nt	93	30	G	31	10	0.00431777	0.00429925	0.15641
Ecoli_SRP_IDT2_mod_74nt	93	31	C	452	157	0.0568594	0.0568484	0.15641
Ecoli_SRP_IDT2_mod_74nt	93	32	T	483	131	0.0745811	0.0746706	0.15641
Ecoli_SRP_IDT2_mod_74nt	93	33	A	54	19	0.00637051	0.0063442	0.15641
Ecoli_SRP_IDT2_mod_74nt	93	34	C	46	20	0.00376759	0.00375127	0.15641
Ecoli_SRP_IDT2_mod_74nt	93	35	T	74	23	0.00997235	0.00993395	0.15641
Ecoli_SRP_IDT2_mod_74nt	93	36	C	101	31	0.0137007	0.0136519	0.15641
Ecoli_SRP_IDT2_mod_74nt	93	37	T	202	52	0.0313718	0.0313032	0.15641
Ecoli_SRP_IDT2_mod_74nt	93	38	G	126	31	0.0200107	0.0199493	0.15641
Ecoli_SRP_IDT2_mod_74nt	93	39	T	19	10	0.000738342	0.00073497	0.15641
Ecoli_SRP_IDT2_mod_74nt	93	40	T	153	18	0.0324008	0.0323326	0.15641
Ecoli_SRP_IDT2_mod_74nt	93	41	T	616	149	0.0953088	0.0955789	0.15641
Ecoli_SRP_IDT2_mod_74nt	93	42	A	176	51	0.0232474	0.0231819	0.15641
Ecoli_SRP_IDT2_mod_74nt	93	43	C	79	38	0.0040371	0.00401969	0.15641
Ecoli_SRP_IDT2_mod_74nt	93	44	C	340	123	0.0338786	0.0338112	0.15641
Ecoli_SRP_IDT2_mod_74nt	93	45	A	75	23	0.00910604	0.00907037	0.15641
Ecoli_SRP_IDT2_mod_74nt	93	46	G	94	34	0.00921375	0.00917773	0.15641
Ecoli_SRP_IDT2_mod_74nt	93	47	G	171	49	0.0219057	0.0218417	0.15641
Ecoli_SRP_IDT2_mod_74nt	93	48	T	32	7	0.00497659	0.0049555	0.15641
Ecoli_SRP_IDT2_mod_74nt	93	49	C	154	64	0.0113552	0.0113127	0.15641
Ecoli_SRP_IDT2_mod_74nt	93	50	A	47	22	0.00243225	0.00242146	0.15641
Ecoli_SRP_IDT2_mod_74nt	93	51	G	25	4	0.00445067	0.00443162	0.15641
Ecoli_SRP_IDT2_mod_74nt	93	52	G	83	41	0.00338119	0.00336644	0.15641
Ecoli_SRP_IDT2_mod_74nt	93	53	T	12	5	0.000867056	0.000863105	0.15641
Ecoli_SRP_IDT2_mod_74nt	93	54	C	39	8	0.00618507	0.00615944	0.15641
Ecoli_SRP_IDT2_mod_74nt	93	55	C	61	10	0.0106727	0.0106322	0.15641
Ecoli_SRP_IDT2_mod_74nt	93	56	G	15	7	0.000765597	0.000762103	0.15641
Ecoli_SRP_IDT2_mod_74nt	93	57	G	87	31	0.00833472	0.00830157	0.15641
Ecoli_SRP_IDT2_mod_74nt	93	58	A	33	15	0.00183081	0.0018226	0.15641
Ecoli_SRP_IDT2_mod_74nt	93	59	A	6	1	0.0010362	0.00103149	0.15641
Ecoli_SRP_IDT2_mod_74nt	93	60	G	2	1	7.37186e-05	7.33781e-05	0.15641
Ecoli_SRP_IDT2_mod_74nt	93	61	G	4	2	0.000147406	0.000146726	0.15641
Ecoli_SRP_IDT2_mod_74nt	93	62	A	1	2	0	0	0.15641
Ecoli_SRP_IDT2_mod_74nt	93	63	A	2	1	7.37217e-05	7.33812e-05	0.15641
Ecoli_SRP_IDT2_mod_74nt	93	64	G	1	1	0	0	0.15641
Ecoli_SRP_IDT2_mod_74nt	93	65	C	0	1	0	0	0.15641
Ecoli_SRP_IDT2_mod_74nt	93	66	A	1	5	0	0	0.15641
Ecoli_SRP_IDT2_mod_74nt	93	67	G	3	10	0	0	0.15641
Ecoli_SRP_IDT2_mod_74nt	93	68	C	4	8	0	0	0.15641
Ecoli_SRP_IDT2_mod_74nt	93	69	C	12	6	0.000444998	0.000442956	0.15641
Ecoli_SRP_IDT2_mod_74nt	93	70	A	8	11	0	0	0.15641
Ecoli_SRP_IDT2_mod_74nt	93	71	A	2	0	0.000480486	0.000478282	0.15641
Ecoli_SRP_IDT2_mod_74nt	93	72	G	20	13	0	0	0.15641
Ecoli_SRP_IDT2_mod_74nt	93	73	G	40	126	0	0	0.15641
Ecoli_SRP_IDT2_mod_74nt	93	74	C	1251	2236	0	0	0.15641
Ecoli_SRP_IDT2_mod_74nt	93	75	C	10	13	0	0	0.15641
Ecoli_SRP_IDT2_mod_74nt	93	76	T	17	49	0	0	0.15641
Ecoli_SRP_IDT2_mod_74nt	93	77	G	42	84	0	0	0.15641
Ecoli_SRP_IDT2_mod_74nt	93	78	A	0	1	0	0	0.15641
Ecoli_SRP_IDT2_mod_74nt	93	79	C	0	0	0	0	0.15641
Ecoli_SRP_IDT2_mod_74nt	93	80	T	1	0	0.000228443	0.000227391	0.15641
Ecoli_SRP_IDT2_mod_74nt	93	81	C	0	0	0	0	0.15641
Ecoli_SRP_IDT2_mod_74nt	93	82	G	0	0	0	0	0.15641
Ecoli_SRP_IDT2_mod_74nt	93	83	G	0	0	0	0	0.15641
Ecoli_SRP_IDT2_mod_74nt	93	84	G	0	0	0	0	0.15641
Ecoli_SRP_IDT2_mod_74nt	93	85	C	0	0	0	0	0.15641
Ecoli_SRP_IDT2_mod_74nt	93	86	A	0	0	0	0	0.15641
Ecoli_SRP_IDT2_mod_74nt	93	87	C	0	0	0	0	0.15641
Ecoli_SRP_IDT2_mod_74nt	93	88	C	0	0	0	0	0.15641
Ecoli_SRP_IDT2_mod_74nt	93	89	A	0	0	0	0	0.15641
Ecoli_SRP_IDT2_mod_74nt	93	90	A	0	0	0	0	0.15641
Ecoli_SRP_IDT2_mod_74nt	93	91	G	0	0	0	0	0.15641
Ecoli_SRP_IDT2_mod_74nt	93	92	G	0	0	0	0	0.15641
