sequence	rt_start	five_prime_offset	nucleotide	treated_mods	untreated_mods	beta	theta	c
Ecoli_SRP_IDT2_mod_71nt	90	0	*	10121	9931	-	-	0.137252
Ecoli_SRP_IDT2_mod_71nt	90	1	A	532	172	0.245473	0.248141	0.137252
Ecoli_SRP_IDT2_mod_71nt	90	2	T	140	47	0.0614308	0.06131	0.137252
Ecoli_SRP_IDT2_mod_71nt	90	3	C	15	3	0.00801058	0.00796564	0.137252
Ecoli_SRP_IDT2_mod_71nt	90	4	G	3	3	0	0	0.137252
Ecoli_SRP_IDT2_mod_71nt	90	5	G	1	1	0	0	0.137252
Ecoli_SRP_IDT2_mod_71nt	90	6	G	12	13	0	0	0.137252
Ecoli_SRP_IDT2_mod_71nt	90	7	G	8	5	0.00181275	0.00180182	0.137252
Ecoli_SRP_IDT2_mod_71nt	90	8	G	37	18	0.0120313	0.0119671	0.137252
Ecoli_SRP_IDT2_mod_71nt	90	9	C	21	16	0.00265159	0.00263575	0.137252
Ecoli_SRP_IDT2_mod_71nt	90	10	T	27	23	0.00165581	0.0016458	0.137252
Ecoli_SRP_IDT2_mod_71nt	90	11	C	59	41	0.0101891	0.0101334	0.137252
Ecoli_SRP_IDT2_mod_71nt	90	12	T	26	6	0.013053	0.0129843	0.137252
Ecoli_SRP_IDT2_mod_71nt	90	13	G	12	10	0.000863039	0.000857779	0.137252
Ecoli_SRP_IDT2_mod_71nt	90	14	T	52	29	0.0138832	0.0138109	0.137252
Ecoli_SRP_IDT2_mod_71nt	90	15	T	55	30	0.0150464	0.0149691	0.137252
Ecoli_SRP_IDT2_mod_71nt	90	16	G	32	24	0.00408004	0.00405606	0.137252
Ecoli_SRP_IDT2_mod_71nt	90	17	G	1586	1710	0	0	0.137252
Ecoli_SRP_IDT2_mod_71nt	90	18	T	239	167	0.0355413	0.0354086	0.137252
Ecoli_SRP_IDT2_mod_71nt	90	19	T	35	10	0.0137486	0.0136769	0.137252
Ecoli_SRP_IDT2_mod_71nt	90	20	C	4	15	0	0	0.137252
Ecoli_SRP_IDT2_mod_71nt	90	21	T	16	6	0.00542062	0.00538926	0.137252
Ecoli_SRP_IDT2_mod_71nt	90	22	C	20	24	0	0	0.137252
Ecoli_SRP_IDT2_mod_71nt	90	23	C	48	29	0.00964404	0.00959101	0.137252
Ecoli_SRP_IDT2_mod_71nt	90	24	C	68	51	0.00769567	0.00765233	0.137252
Ecoli_SRP_IDT2_mod_71nt	90	25	G	29	34	0	0	0.137252
Ecoli_SRP_IDT2_mod_71nt	90	26	C	74	61	0.00506432	0.0050349	0.137252
Ecoli_SRP_IDT2_mod_71nt	90	27	A	53	31	0.0110199	0.0109603	0.137252
Ecoli_SRP_IDT2_mod_71nt	90	28	A	23	7	0.00853703	0.00848944	0.137252
Ecoli_SRP_IDT2_mod_71nt	90	29	C	59	43	0.00718784	0.00714711	0.137252
Ecoli_SRP_IDT2_mod_71nt	90	30	G	7	4	0.00149213	0.0014831	0.137252
Ecoli_SRP_IDT2_mod_71nt	90	31	C	212	116	0.047427	0.0472883	0.137252
Ecoli_SRP_IDT2_mod_71nt	90	32	T	181	73	0.054452	0.0543189	0.137252
Ecoli_SRP_IDT2_mod_71nt	90	33	A	29	12	0.00848192	0.00843461	0.137252
Ecoli_SRP_IDT2_mod_71nt	90	34	C	18	15	0.00092152	0.000915907	0.137252
Ecoli_SRP_IDT2_mod_71nt	90	35	T	37	18	0.00922892	0.00917791	0.137252
Ecoli_SRP_IDT2_mod_71nt	90	36	C	66	23	0.0215542	0.0214531	0.137252
Ecoli_SRP_IDT2_mod_71nt	90	37	T	93	52	0.0189888	0.0188964	0.137252
Ecoli_SRP_IDT2_mod_71nt	90	38	G	60	46	0.00508863	0.00505907	0.137252
Ecoli_SRP_IDT2_mod_71nt	90	39	T	25	8	0.00843436	0.00838729	0.137252
Ecoli_SRP_IDT2_mod_71nt	90	40	T	84	19	0.032597	0.0324687	0.137252
Ecoli_SRP_IDT2_mod_71nt	90	41	T	335	134	0.0946082	0.0946381	0.137252
Ecoli_SRP_IDT2_mod_71nt	90	42	A	118	23	0.0461723	0.0460334	0.137252
Ecoli_SRP_IDT2_mod_71nt	90	43	C	55	34	0.00842696	0.00837993	0.137252
Ecoli_SRP_IDT2_mod_71nt	90	44	C	197	118	0.0317909	0.031664	0.137252
Ecoli_SRP_IDT2_mod_71nt	90	45	A	39	8	0.0146946	0.0146188	0.137252
Ecoli_SRP_IDT2_mod_71nt	90	46	G	34	7	0.0127598	0.0126923	0.137252
Ecoli_SRP_IDT2_mod_71nt	90	47	G	124	29	0.0442281	0.0440891	0.137252
Ecoli_SRP_IDT2_mod_71nt	90	48	T	14	23	0	0	0.137252
Ecoli_SRP_IDT2_mod_71nt	90	49	C	95	50	0.0183854	0.0182952	0.137252
Ecoli_SRP_IDT2_mod_71nt	90	50	A	26	8	0.00811539	0.00806993	0.137252
Ecoli_SRP_IDT2_mod_71nt	90	51	G	9	1	0.00377464	0.00375238	0.137252
Ecoli_SRP_IDT2_mod_71nt	90	52	G	32	11	0.00932185	0.00927039	0.137252
Ecoli_SRP_IDT2_mod_71nt	90	53	T	4	3	0.000274655	0.00027297	0.137252
Ecoli_SRP_IDT2_mod_71nt	90	54	C	4	5	0	0	0.137252
Ecoli_SRP_IDT2_mod_71nt	90	55	C	5	3	0.000753451	0.000748853	0.137252
Ecoli_SRP_IDT2_mod_71nt	90	56	G	1	1	0	0	0.137252
Ecoli_SRP_IDT2_mod_71nt	90	57	G	6	0	0.0028717	0.00285459	0.137252
Ecoli_SRP_IDT2_mod_71nt	90	58	A	2	4	0	0	0.137252
Ecoli_SRP_IDT2_mod_71nt	90	59	A	1	0	0.000478523	0.000475594	0.137252
Ecoli_SRP_IDT2_mod_71nt	90	60	G	0	0	0	0	0.137252
Ecoli_SRP_IDT2_mod_71nt	90	61	G	0	0	0	0	0.137252
Ecoli_SRP_IDT2_mod_71nt	90	62	A	0	0	0	0	0.137252
Ecoli_SRP_IDT2_mod_71nt	90	63	A	0	5	0	0	0.137252
Ecoli_SRP_IDT2_mod_71nt	90	64	G	1	2	0	0	0.137252
Ecoli_SRP_IDT2_mod_71nt	90	65	C	11	20	0	0	0.137252
Ecoli_SRP_IDT2_mod_71nt	90	66	A	127	163	0	0	0.137252
Ecoli_SRP_IDT2_mod_71nt	90	67	G	354	409	0	0	0.137252
Ecoli_SRP_IDT2_mod_71nt	90	68	C	12	10	0.000329208	0.000327189	0.137252
Ecoli_SRP_IDT2_mod_71nt	90	69	C	47	174	0	0	0.137252
Ecoli_SRP_IDT2_mod_71nt	90	70	A	6624	23082	0	0	0.137252
Ecoli_SRP_IDT2_mod_71nt	90	71	A	1252	2315	0	0	0.137252
Ecoli_SRP_IDT2_mod_71nt	90	72	C	4	16	0	0	0.137252
Ecoli_SRP_IDT2_mod_71nt	90	73	T	22	61	0	0	0.137252
Ecoli_SRP_IDT2_mod_71nt	90	74	G	31	69	0	0	0.137252
Ecoli_SRP_IDT2_mod_71nt	90	75	A	0	0	0	0	0.137252
Ecoli_SRP_IDT2_mod_71nt	90	76	C	0	1	0	0	0.137252
Ecoli_SRP_IDT2_mod_71nt	90	77	T	1	0	0.000307946	0.000306058	0.137252
Ecoli_SRP_IDT2_mod_71nt	90	78	C	0	0	0	0	0.137252
Ecoli_SRP_IDT2_mod_71nt	90	79	G	0	0	0	0	0.137252
Ecoli_SRP_IDT2_mod_71nt	90	80	G	0	0	0	0	0.137252
Ecoli_SRP_IDT2_mod_71nt	90	81	G	0	0	0	0	0.137252
Ecoli_SRP_IDT2_mod_71nt	90	82	C	0	0	0	0	0.137252
Ecoli_SRP_IDT2_mod_71nt	90	83	A	0	0	0	0	0.137252
Ecoli_SRP_IDT2_mod_71nt	90	84	C	0	0	0	0	0.137252
Ecoli_SRP_IDT2_mod_71nt	90	85	C	0	0	0	0	0.137252
Ecoli_SRP_IDT2_mod_71nt	90	86	A	0	0	0	0	0.137252
Ecoli_SRP_IDT2_mod_71nt	90	87	A	0	0	0	0	0.137252
Ecoli_SRP_IDT2_mod_71nt	90	88	G	0	0	0	0	0.137252
Ecoli_SRP_IDT2_mod_71nt	90	89	G	0	0	0	0	0.137252
