sequence	rt_start	five_prime_offset	nucleotide	treated_mods	untreated_mods	beta	theta	c
Ecoli_SRP_IDT2_mod_73nt	92	0	*	10948	11362	-	-	0.184868
Ecoli_SRP_IDT2_mod_73nt	92	1	A	540	204	0.162652	0.164176	0.184868
Ecoli_SRP_IDT2_mod_73nt	92	2	T	116	36	0.0376235	0.0375355	0.184868
Ecoli_SRP_IDT2_mod_73nt	92	3	C	14	8	0.00280919	0.00279364	0.184868
Ecoli_SRP_IDT2_mod_73nt	92	4	G	20	8	0.00560743	0.00557782	0.184868
Ecoli_SRP_IDT2_mod_73nt	92	5	G	2	1	0.000466616	0.000463933	0.184868
Ecoli_SRP_IDT2_mod_73nt	92	6	G	22	16	0.00278574	0.00277031	0.184868
Ecoli_SRP_IDT2_mod_73nt	92	7	G	17	9	0.00371715	0.00369688	0.184868
Ecoli_SRP_IDT2_mod_73nt	92	8	G	43	52	0	0	0.184868
Ecoli_SRP_IDT2_mod_73nt	92	9	C	32	25	0.00321448	0.00319681	0.184868
Ecoli_SRP_IDT2_mod_73nt	92	10	T	45	32	0.00595303	0.00592179	0.184868
Ecoli_SRP_IDT2_mod_73nt	92	11	C	120	55	0.0295729	0.0294818	0.184868
Ecoli_SRP_IDT2_mod_73nt	92	12	T	47	28	0.00851935	0.00847664	0.184868
Ecoli_SRP_IDT2_mod_73nt	92	13	G	34	16	0.00808148	0.00804064	0.184868
Ecoli_SRP_IDT2_mod_73nt	92	14	T	112	31	0.0362117	0.0361223	0.184868
Ecoli_SRP_IDT2_mod_73nt	92	15	T	95	23	0.0318935	0.0318021	0.184868
Ecoli_SRP_IDT2_mod_73nt	92	16	G	46	19	0.0117757	0.0117202	0.184868
Ecoli_SRP_IDT2_mod_73nt	92	17	G	1869	1596	0.0882658	0.0884741	0.184868
Ecoli_SRP_IDT2_mod_73nt	92	18	T	358	223	0.047001	0.0469317	0.184868
Ecoli_SRP_IDT2_mod_73nt	92	19	T	36	22	0.0048058	0.00478007	0.184868
Ecoli_SRP_IDT2_mod_73nt	92	20	C	14	19	0	0	0.184868
Ecoli_SRP_IDT2_mod_73nt	92	21	T	27	15	0.00418209	0.00415946	0.184868
Ecoli_SRP_IDT2_mod_73nt	92	22	C	13	11	0.00052152	0.000518524	0.184868
Ecoli_SRP_IDT2_mod_73nt	92	23	C	39	21	0.00627386	0.00624112	0.184868
Ecoli_SRP_IDT2_mod_73nt	92	24	C	56	63	0	0	0.184868
Ecoli_SRP_IDT2_mod_73nt	92	25	G	53	43	0.00281581	0.00280022	0.184868
Ecoli_SRP_IDT2_mod_73nt	92	26	C	129	78	0.0170897	0.0170174	0.184868
Ecoli_SRP_IDT2_mod_73nt	92	27	A	120	30	0.03207	0.0319786	0.184868
Ecoli_SRP_IDT2_mod_73nt	92	28	A	38	24	0.00450575	0.0044815	0.184868
Ecoli_SRP_IDT2_mod_73nt	92	29	C	121	57	0.0216581	0.0215756	0.184868
Ecoli_SRP_IDT2_mod_73nt	92	30	G	20	3	0.00603056	0.00599895	0.184868
Ecoli_SRP_IDT2_mod_73nt	92	31	C	360	136	0.0751663	0.0752519	0.184868
Ecoli_SRP_IDT2_mod_73nt	92	32	T	397	126	0.0889683	0.0891841	0.184868
Ecoli_SRP_IDT2_mod_73nt	92	33	A	31	15	0.00492557	0.00489926	0.184868
Ecoli_SRP_IDT2_mod_73nt	92	34	C	30	7	0.00758589	0.00754721	0.184868
Ecoli_SRP_IDT2_mod_73nt	92	35	T	49	17	0.0102516	0.0102018	0.184868
Ecoli_SRP_IDT2_mod_73nt	92	36	C	64	34	0.00889121	0.00884694	0.184868
Ecoli_SRP_IDT2_mod_73nt	92	37	T	127	31	0.0310737	0.0309822	0.184868
Ecoli_SRP_IDT2_mod_73nt	92	38	G	82	32	0.0154442	0.0153766	0.184868
Ecoli_SRP_IDT2_mod_73nt	92	39	T	18	9	0.00263994	0.00262528	0.184868
Ecoli_SRP_IDT2_mod_73nt	92	40	T	77	11	0.0214771	0.0213949	0.184868
Ecoli_SRP_IDT2_mod_73nt	92	41	T	231	69	0.0502109	0.0501519	0.184868
Ecoli_SRP_IDT2_mod_73nt	92	42	A	66	23	0.0130036	0.0129437	0.184868
Ecoli_SRP_IDT2_mod_73nt	92	43	C	30	16	0.00383364	0.00381278	0.184868
Ecoli_SRP_IDT2_mod_73nt	92	44	C	91	50	0.0110116	0.0109589	0.184868
Ecoli_SRP_IDT2_mod_73nt	92	45	A	15	4	0.00337523	0.00335672	0.184868
Ecoli_SRP_IDT2_mod_73nt	92	46	G	23	7	0.00484676	0.00482083	0.184868
Ecoli_SRP_IDT2_mod_73nt	92	47	G	123	38	0.025512	0.0254239	0.184868
Ecoli_SRP_IDT2_mod_73nt	92	48	T	11	6	0.0013155	0.00130804	0.184868
Ecoli_SRP_IDT2_mod_73nt	92	49	C	48	32	0.00358338	0.0035638	0.184868
Ecoli_SRP_IDT2_mod_73nt	92	50	A	12	3	0.00273095	0.00271581	0.184868
Ecoli_SRP_IDT2_mod_73nt	92	51	G	7	2	0.00150019	0.0014917	0.184868
Ecoli_SRP_IDT2_mod_73nt	92	52	G	41	14	0.00792615	0.00788598	0.184868
Ecoli_SRP_IDT2_mod_73nt	92	53	T	5	3	0.000490716	0.000487895	0.184868
Ecoli_SRP_IDT2_mod_73nt	92	54	C	17	3	0.00430799	0.00428473	0.184868
Ecoli_SRP_IDT2_mod_73nt	92	55	C	25	10	0.0042759	0.0042528	0.184868
Ecoli_SRP_IDT2_mod_73nt	92	56	G	9	6	0.000657318	0.00065355	0.184868
Ecoli_SRP_IDT2_mod_73nt	92	57	G	39	17	0.00613426	0.00610217	0.184868
Ecoli_SRP_IDT2_mod_73nt	92	58	A	4	0	0.00126692	0.00125972	0.184868
Ecoli_SRP_IDT2_mod_73nt	92	59	A	0	2	0	0	0.184868
Ecoli_SRP_IDT2_mod_73nt	92	60	G	0	1	0	0	0.184868
Ecoli_SRP_IDT2_mod_73nt	92	61	G	2	2	0	0	0.184868
Ecoli_SRP_IDT2_mod_73nt	92	62	A	2	0	0.000633311	0.000629679	0.184868
Ecoli_SRP_IDT2_mod_73nt	92	63	A	0	0	0	0	0.184868
Ecoli_SRP_IDT2_mod_73nt	92	64	G	1	1	0	0	0.184868
Ecoli_SRP_IDT2_mod_73nt	92	65	C	2	2	0	0	0.184868
Ecoli_SRP_IDT2_mod_73nt	92	66	A	25	91	0	0	0.184868
Ecoli_SRP_IDT2_mod_73nt	92	67	G	27	39	0	0	0.184868
Ecoli_SRP_IDT2_mod_73nt	92	68	C	12	46	0	0	0.184868
Ecoli_SRP_IDT2_mod_73nt	92	69	C	53	176	0	0	0.184868
Ecoli_SRP_IDT2_mod_73nt	92	70	A	5	2	0.000856675	0.000851779	0.184868
Ecoli_SRP_IDT2_mod_73nt	92	71	A	0	2	0	0	0.184868
Ecoli_SRP_IDT2_mod_73nt	92	72	G	42	148	0	0	0.184868
Ecoli_SRP_IDT2_mod_73nt	92	73	G	1316	2373	0	0	0.184868
Ecoli_SRP_IDT2_mod_73nt	92	74	C	6	12	0	0	0.184868
Ecoli_SRP_IDT2_mod_73nt	92	75	T	16	63	0	0	0.184868
Ecoli_SRP_IDT2_mod_73nt	92	76	G	35	68	0	0	0.184868
Ecoli_SRP_IDT2_mod_73nt	92	77	A	0	0	0	0	0.184868
Ecoli_SRP_IDT2_mod_73nt	92	78	C	0	1	0	0	0.184868
Ecoli_SRP_IDT2_mod_73nt	92	79	T	0	0	0	0	0.184868
Ecoli_SRP_IDT2_mod_73nt	92	80	C	0	0	0	0	0.184868
Ecoli_SRP_IDT2_mod_73nt	92	81	G	0	0	0	0	0.184868
Ecoli_SRP_IDT2_mod_73nt	92	82	G	0	0	0	0	0.184868
Ecoli_SRP_IDT2_mod_73nt	92	83	G	0	0	0	0	0.184868
Ecoli_SRP_IDT2_mod_73nt	92	84	C	0	0	0	0	0.184868
Ecoli_SRP_IDT2_mod_73nt	92	85	A	0	0	0	0	0.184868
Ecoli_SRP_IDT2_mod_73nt	92	86	C	0	0	0	0	0.184868
Ecoli_SRP_IDT2_mod_73nt	92	87	C	0	0	0	0	0.184868
Ecoli_SRP_IDT2_mod_73nt	92	88	A	0	0	0	0	0.184868
Ecoli_SRP_IDT2_mod_73nt	92	89	A	0	0	0	0	0.184868
Ecoli_SRP_IDT2_mod_73nt	92	90	G	0	0	0	0	0.184868
Ecoli_SRP_IDT2_mod_73nt	92	91	G	0	0	0	0	0.184868
