sequence	rt_start	five_prime_offset	nucleotide	treated_mods	untreated_mods	beta	theta	c
Ecoli_SRP_IDT2_mod_92nt	111	0	*	19076	16604	-	-	0.161302
Ecoli_SRP_IDT2_mod_92nt	111	1	A	1075	295	0.227952	0.230698	0.161302
Ecoli_SRP_IDT2_mod_92nt	111	2	T	248	59	0.0543453	0.0542256	0.161302
Ecoli_SRP_IDT2_mod_92nt	111	3	C	31	11	0.0054273	0.00539408	0.161302
Ecoli_SRP_IDT2_mod_92nt	111	4	G	21	8	0.00346894	0.00344716	0.161302
Ecoli_SRP_IDT2_mod_92nt	111	5	G	9	0	0.00274506	0.00272767	0.161302
Ecoli_SRP_IDT2_mod_92nt	111	6	G	35	11	0.00662051	0.00658061	0.161302
Ecoli_SRP_IDT2_mod_92nt	111	7	G	27	10	0.0045417	0.00451357	0.161302
Ecoli_SRP_IDT2_mod_92nt	111	8	G	78	66	0	0	0.161302
Ecoli_SRP_IDT2_mod_92nt	111	9	C	36	32	0	0	0.161302
Ecoli_SRP_IDT2_mod_92nt	111	10	T	82	54	0.00506586	0.0050347	0.161302
Ecoli_SRP_IDT2_mod_92nt	111	11	C	185	77	0.0274601	0.0273403	0.161302
Ecoli_SRP_IDT2_mod_92nt	111	12	T	68	31	0.00904181	0.00898907	0.161302
Ecoli_SRP_IDT2_mod_92nt	111	13	G	34	32	0	0	0.161302
Ecoli_SRP_IDT2_mod_92nt	111	14	T	121	50	0.0177993	0.0177079	0.161302
Ecoli_SRP_IDT2_mod_92nt	111	15	T	154	46	0.0287261	0.0286037	0.161302
Ecoli_SRP_IDT2_mod_92nt	111	16	G	61	39	0.0038789	0.00385468	0.161302
Ecoli_SRP_IDT2_mod_92nt	111	17	G	2712	2536	0	0	0.161302
Ecoli_SRP_IDT2_mod_92nt	111	18	T	463	277	0.0328911	0.032762	0.161302
Ecoli_SRP_IDT2_mod_92nt	111	19	T	54	19	0.00786942	0.00782278	0.161302
Ecoli_SRP_IDT2_mod_92nt	111	20	C	24	18	0.000549989	0.000546409	0.161302
Ecoli_SRP_IDT2_mod_92nt	111	21	T	28	12	0.00340731	0.00338591	0.161302
Ecoli_SRP_IDT2_mod_92nt	111	22	C	52	30	0.00394282	0.00391822	0.161302
Ecoli_SRP_IDT2_mod_92nt	111	23	C	88	57	0.00473194	0.00470271	0.161302
Ecoli_SRP_IDT2_mod_92nt	111	24	C	121	95	0.00138928	0.00138033	0.161302
Ecoli_SRP_IDT2_mod_92nt	111	25	G	103	106	0	0	0.161302
Ecoli_SRP_IDT2_mod_92nt	111	26	C	181	177	0	0	0.161302
Ecoli_SRP_IDT2_mod_92nt	111	27	A	95	35	0.0129823	0.0129106	0.161302
Ecoli_SRP_IDT2_mod_92nt	111	28	A	21	15	0.000683903	0.000679458	0.161302
Ecoli_SRP_IDT2_mod_92nt	111	29	C	116	59	0.0108821	0.0108202	0.161302
Ecoli_SRP_IDT2_mod_92nt	111	30	G	14	7	0.001345	0.00133633	0.161302
Ecoli_SRP_IDT2_mod_92nt	111	31	C	280	153	0.0227527	0.0226449	0.161302
Ecoli_SRP_IDT2_mod_92nt	111	32	T	271	119	0.0301763	0.0300513	0.161302
Ecoli_SRP_IDT2_mod_92nt	111	33	A	29	16	0.0022445	0.00223019	0.161302
Ecoli_SRP_IDT2_mod_92nt	111	34	C	29	14	0.00282959	0.00281168	0.161302
Ecoli_SRP_IDT2_mod_92nt	111	35	T	55	22	0.00669052	0.00665024	0.161302
Ecoli_SRP_IDT2_mod_92nt	111	36	C	79	45	0.00563705	0.00560264	0.161302
Ecoli_SRP_IDT2_mod_92nt	111	37	T	124	80	0.00604811	0.00601139	0.161302
Ecoli_SRP_IDT2_mod_92nt	111	38	G	113	64	0.0080626	0.00801494	0.161302
Ecoli_SRP_IDT2_mod_92nt	111	39	T	28	16	0.00194844	0.00193597	0.161302
Ecoli_SRP_IDT2_mod_92nt	111	40	T	146	31	0.0253031	0.0251884	0.161302
Ecoli_SRP_IDT2_mod_92nt	111	41	T	828	286	0.10784	0.10807	0.161302
Ecoli_SRP_IDT2_mod_92nt	111	42	A	334	97	0.0476257	0.0474951	0.161302
Ecoli_SRP_IDT2_mod_92nt	111	43	C	180	90	0.0146637	0.0145847	0.161302
Ecoli_SRP_IDT2_mod_92nt	111	44	C	581	282	0.048548	0.0484184	0.161302
Ecoli_SRP_IDT2_mod_92nt	111	45	A	101	20	0.0164384	0.0163522	0.161302
Ecoli_SRP_IDT2_mod_92nt	111	46	G	56	36	0.00210051	0.00208709	0.161302
Ecoli_SRP_IDT2_mod_92nt	111	47	G	160	82	0.0117786	0.0117125	0.161302
Ecoli_SRP_IDT2_mod_92nt	111	48	T	50	27	0.00327719	0.00325657	0.161302
Ecoli_SRP_IDT2_mod_92nt	111	49	C	209	125	0.0102181	0.0101595	0.161302
Ecoli_SRP_IDT2_mod_92nt	111	50	A	40	13	0.00497119	0.00494058	0.161302
Ecoli_SRP_IDT2_mod_92nt	111	51	G	24	11	0.00209119	0.00207783	0.161302
Ecoli_SRP_IDT2_mod_92nt	111	52	G	86	43	0.00647665	0.00643755	0.161302
Ecoli_SRP_IDT2_mod_92nt	111	53	T	16	13	0	0	0.161302
Ecoli_SRP_IDT2_mod_92nt	111	54	C	40	18	0.00355371	0.00353142	0.161302
Ecoli_SRP_IDT2_mod_92nt	111	55	C	136	47	0.015925	0.0158408	0.161302
Ecoli_SRP_IDT2_mod_92nt	111	56	G	38	21	0.00226673	0.00225228	0.161302
Ecoli_SRP_IDT2_mod_92nt	111	57	G	335	85	0.0470306	0.0468994	0.161302
Ecoli_SRP_IDT2_mod_92nt	111	58	A	145	56	0.0149326	0.0148525	0.161302
Ecoli_SRP_IDT2_mod_92nt	111	59	A	49	9	0.00773975	0.0076938	0.161302
Ecoli_SRP_IDT2_mod_92nt	111	60	G	42	19	0.00353607	0.00351389	0.161302
Ecoli_SRP_IDT2_mod_92nt	111	61	G	147	95	0.00454586	0.00451771	0.161302
Ecoli_SRP_IDT2_mod_92nt	111	62	A	113	68	0.00483162	0.00480181	0.161302
Ecoli_SRP_IDT2_mod_92nt	111	63	A	33	16	0.00245235	0.00243676	0.161302
Ecoli_SRP_IDT2_mod_92nt	111	64	G	114	95	0	0	0.161302
Ecoli_SRP_IDT2_mod_92nt	111	65	C	139	76	0.00792753	0.00788058	0.161302
Ecoli_SRP_IDT2_mod_92nt	111	66	A	105	58	0.00578991	0.00575463	0.161302
Ecoli_SRP_IDT2_mod_92nt	111	67	G	107	85	0	0	0.161302
Ecoli_SRP_IDT2_mod_92nt	111	68	C	86	91	0	0	0.161302
Ecoli_SRP_IDT2_mod_92nt	111	69	C	162	172	0	0	0.161302
Ecoli_SRP_IDT2_mod_92nt	111	70	A	30	18	0.0012665	0.00125833	0.161302
Ecoli_SRP_IDT2_mod_92nt	111	71	A	38	14	0.00392693	0.00390242	0.161302
Ecoli_SRP_IDT2_mod_92nt	111	72	G	50	32	0.00157019	0.0015601	0.161302
Ecoli_SRP_IDT2_mod_92nt	111	73	G	52	23	0.00433861	0.00431168	0.161302
Ecoli_SRP_IDT2_mod_92nt	111	74	C	9	11	0	0	0.161302
Ecoli_SRP_IDT2_mod_92nt	111	75	A	5	3	0.000208775	0.00020741	0.161302
Ecoli_SRP_IDT2_mod_92nt	111	76	G	13	15	0	0	0.161302
Ecoli_SRP_IDT2_mod_92nt	111	77	A	1	0	0.000199879	0.000198573	0.161302
Ecoli_SRP_IDT2_mod_92nt	111	78	T	2	1	0.000136218	0.000135327	0.161302
Ecoli_SRP_IDT2_mod_92nt	111	79	G	2	5	0	0	0.161302
Ecoli_SRP_IDT2_mod_92nt	111	80	A	1	0	0.000199847	0.000198541	0.161302
Ecoli_SRP_IDT2_mod_92nt	111	81	C	4	4	0	0	0.161302
Ecoli_SRP_IDT2_mod_92nt	111	82	G	0	1	0	0	0.161302
Ecoli_SRP_IDT2_mod_92nt	111	83	C	1	2	0	0	0.161302
Ecoli_SRP_IDT2_mod_92nt	111	84	G	4	1	0.000535806	0.000532317	0.161302
Ecoli_SRP_IDT2_mod_92nt	111	85	T	3	3	0	0	0.161302
Ecoli_SRP_IDT2_mod_92nt	111	86	G	22	27	0	0	0.161302
Ecoli_SRP_IDT2_mod_92nt	111	87	T	16	6	0.001615	0.00160462	0.161302
Ecoli_SRP_IDT2_mod_92nt	111	88	G	85	114	0	0	0.161302
Ecoli_SRP_IDT2_mod_92nt	111	89	C	2	4	0	0	0.161302
Ecoli_SRP_IDT2_mod_92nt	111	90	C	2	6	0	0	0.161302
Ecoli_SRP_IDT2_mod_92nt	111	91	G	37	173	0	0	0.161302
Ecoli_SRP_IDT2_mod_92nt	111	92	G	1241	2346	0	0	0.161302
Ecoli_SRP_IDT2_mod_92nt	111	93	C	8	15	0	0	0.161302
Ecoli_SRP_IDT2_mod_92nt	111	94	T	19	61	0	0	0.161302
Ecoli_SRP_IDT2_mod_92nt	111	95	G	41	61	0	0	0.161302
Ecoli_SRP_IDT2_mod_92nt	111	96	A	0	0	0	0	0.161302
Ecoli_SRP_IDT2_mod_92nt	111	97	C	0	1	0	0	0.161302
Ecoli_SRP_IDT2_mod_92nt	111	98	T	0	0	0	0	0.161302
Ecoli_SRP_IDT2_mod_92nt	111	99	C	0	0	0	0	0.161302
Ecoli_SRP_IDT2_mod_92nt	111	100	G	0	0	0	0	0.161302
Ecoli_SRP_IDT2_mod_92nt	111	101	G	0	0	0	0	0.161302
Ecoli_SRP_IDT2_mod_92nt	111	102	G	0	0	0	0	0.161302
Ecoli_SRP_IDT2_mod_92nt	111	103	C	0	0	0	0	0.161302
Ecoli_SRP_IDT2_mod_92nt	111	104	A	0	0	0	0	0.161302
Ecoli_SRP_IDT2_mod_92nt	111	105	C	0	0	0	0	0.161302
Ecoli_SRP_IDT2_mod_92nt	111	106	C	0	0	0	0	0.161302
Ecoli_SRP_IDT2_mod_92nt	111	107	A	0	0	0	0	0.161302
Ecoli_SRP_IDT2_mod_92nt	111	108	A	0	0	0	0	0.161302
Ecoli_SRP_IDT2_mod_92nt	111	109	G	0	0	0	0	0.161302
Ecoli_SRP_IDT2_mod_92nt	111	110	G	0	0	0	0	0.161302
