sequence	rt_start	five_prime_offset	nucleotide	treated_mods	untreated_mods	beta	theta	c
Ecoli_SRP_IDT2_mod_95nt	114	0	*	5476	4886	-	-	0.240508
Ecoli_SRP_IDT2_mod_95nt	114	1	A	314	64	0.176442	0.177723	0.240508
Ecoli_SRP_IDT2_mod_95nt	114	2	T	77	18	0.0402092	0.0398381	0.240508
Ecoli_SRP_IDT2_mod_95nt	114	3	C	7	5	0.000786212	0.000775309	0.240508
Ecoli_SRP_IDT2_mod_95nt	114	4	G	5	2	0.00189186	0.00186587	0.240508
Ecoli_SRP_IDT2_mod_95nt	114	5	G	1	3	0	0	0.240508
Ecoli_SRP_IDT2_mod_95nt	114	6	G	8	4	0.00234557	0.00231347	0.240508
Ecoli_SRP_IDT2_mod_95nt	114	7	G	13	6	0.00422236	0.0041655	0.240508
Ecoli_SRP_IDT2_mod_95nt	114	8	G	40	24	0.00823833	0.00813127	0.240508
Ecoli_SRP_IDT2_mod_95nt	114	9	C	15	21	0	0	0.240508
Ecoli_SRP_IDT2_mod_95nt	114	10	T	37	24	0.0060501	0.00596992	0.240508
Ecoli_SRP_IDT2_mod_95nt	114	11	C	79	41	0.0211193	0.0208768	0.240508
Ecoli_SRP_IDT2_mod_95nt	114	12	T	31	11	0.0123665	0.0122118	0.240508
Ecoli_SRP_IDT2_mod_95nt	114	13	G	20	11	0.00472419	0.00466085	0.240508
Ecoli_SRP_IDT2_mod_95nt	114	14	T	55	26	0.0163173	0.0161207	0.240508
Ecoli_SRP_IDT2_mod_95nt	114	15	T	94	13	0.0527045	0.0522962	0.240508
Ecoli_SRP_IDT2_mod_95nt	114	16	G	37	20	0.0084784	0.00836845	0.240508
Ecoli_SRP_IDT2_mod_95nt	114	17	G	2093	1290	0.261745	0.266449	0.240508
Ecoli_SRP_IDT2_mod_95nt	114	18	T	337	149	0.0692306	0.0688307	0.240508
Ecoli_SRP_IDT2_mod_95nt	114	19	T	17	8	0.00309951	0.00305736	0.240508
Ecoli_SRP_IDT2_mod_95nt	114	20	C	15	3	0.00530547	0.0052347	0.240508
Ecoli_SRP_IDT2_mod_95nt	114	21	T	18	4	0.00609673	0.00601597	0.240508
Ecoli_SRP_IDT2_mod_95nt	114	22	C	27	13	0.00467517	0.00461247	0.240508
Ecoli_SRP_IDT2_mod_95nt	114	23	C	51	19	0.0122675	0.0121139	0.240508
Ecoli_SRP_IDT2_mod_95nt	114	24	C	61	33	0.00807517	0.00797008	0.240508
Ecoli_SRP_IDT2_mod_95nt	114	25	G	50	31	0.00407631	0.00402135	0.240508
Ecoli_SRP_IDT2_mod_95nt	114	26	C	74	46	0.00588147	0.00580341	0.240508
Ecoli_SRP_IDT2_mod_95nt	114	27	A	42	6	0.0157576	0.0155667	0.240508
Ecoli_SRP_IDT2_mod_95nt	114	28	A	11	7	0.000746693	0.000736334	0.240508
Ecoli_SRP_IDT2_mod_95nt	114	29	C	63	19	0.0172545	0.0170485	0.240508
Ecoli_SRP_IDT2_mod_95nt	114	30	G	9	3	0.00227882	0.00224761	0.240508
Ecoli_SRP_IDT2_mod_95nt	114	31	C	133	54	0.0272801	0.0269866	0.240508
Ecoli_SRP_IDT2_mod_95nt	114	32	T	123	46	0.0270929	0.0268009	0.240508
Ecoli_SRP_IDT2_mod_95nt	114	33	A	18	8	0.00315843	0.00311551	0.240508
Ecoli_SRP_IDT2_mod_95nt	114	34	C	8	5	0.000521249	0.000514004	0.240508
Ecoli_SRP_IDT2_mod_95nt	114	35	T	20	6	0.00525017	0.00518011	0.240508
Ecoli_SRP_IDT2_mod_95nt	114	36	C	30	14	0.0048104	0.00474595	0.240508
Ecoli_SRP_IDT2_mod_95nt	114	37	T	45	14	0.0113985	0.0112546	0.240508
Ecoli_SRP_IDT2_mod_95nt	114	38	G	35	15	0.00633263	0.00624892	0.240508
Ecoli_SRP_IDT2_mod_95nt	114	39	T	4	3	0	0	0.240508
Ecoli_SRP_IDT2_mod_95nt	114	40	T	28	9	0.00684686	0.00675676	0.240508
Ecoli_SRP_IDT2_mod_95nt	114	41	T	157	39	0.0445369	0.0441487	0.240508
Ecoli_SRP_IDT2_mod_95nt	114	42	A	55	13	0.0158242	0.0156326	0.240508
Ecoli_SRP_IDT2_mod_95nt	114	43	C	32	8	0.0088993	0.00878433	0.240508
Ecoli_SRP_IDT2_mod_95nt	114	44	C	63	28	0.0101029	0.00997379	0.240508
Ecoli_SRP_IDT2_mod_95nt	114	45	A	15	3	0.00457529	0.00451387	0.240508
Ecoli_SRP_IDT2_mod_95nt	114	46	G	9	4	0.0014315	0.00141176	0.240508
Ecoli_SRP_IDT2_mod_95nt	114	47	G	25	15	0.00165351	0.00163074	0.240508
Ecoli_SRP_IDT2_mod_95nt	114	48	T	5	9	0	0	0.240508
Ecoli_SRP_IDT2_mod_95nt	114	49	C	21	21	0	0	0.240508
Ecoli_SRP_IDT2_mod_95nt	114	50	A	4	3	0	0	0.240508
Ecoli_SRP_IDT2_mod_95nt	114	51	G	5	1	0.00151448	0.00149361	0.240508
Ecoli_SRP_IDT2_mod_95nt	114	52	G	14	7	0.00175289	0.00172878	0.240508
Ecoli_SRP_IDT2_mod_95nt	114	53	T	4	5	0	0	0.240508
Ecoli_SRP_IDT2_mod_95nt	114	54	C	9	7	0	0	0.240508
Ecoli_SRP_IDT2_mod_95nt	114	55	C	24	6	0.00652525	0.00643914	0.240508
Ecoli_SRP_IDT2_mod_95nt	114	56	G	12	6	0.00148959	0.00146906	0.240508
Ecoli_SRP_IDT2_mod_95nt	114	57	G	53	9	0.0167929	0.0165915	0.240508
Ecoli_SRP_IDT2_mod_95nt	114	58	A	13	4	0.00305547	0.0030139	0.240508
Ecoli_SRP_IDT2_mod_95nt	114	59	A	6	3	0.000730599	0.000720462	0.240508
Ecoli_SRP_IDT2_mod_95nt	114	60	G	10	6	0.000628838	0.000620106	0.240508
Ecoli_SRP_IDT2_mod_95nt	114	61	G	33	25	0	0	0.240508
Ecoli_SRP_IDT2_mod_95nt	114	62	A	17	8	0.00234951	0.00231736	0.240508
Ecoli_SRP_IDT2_mod_95nt	114	63	A	7	6	0	0	0.240508
Ecoli_SRP_IDT2_mod_95nt	114	64	G	15	20	0	0	0.240508
Ecoli_SRP_IDT2_mod_95nt	114	65	C	27	29	0	0	0.240508
Ecoli_SRP_IDT2_mod_95nt	114	66	A	39	36	0	0	0.240508
Ecoli_SRP_IDT2_mod_95nt	114	67	G	14	10	0	0	0.240508
Ecoli_SRP_IDT2_mod_95nt	114	68	C	5	17	0	0	0.240508
Ecoli_SRP_IDT2_mod_95nt	114	69	C	12	14	0	0	0.240508
Ecoli_SRP_IDT2_mod_95nt	114	70	A	5	3	0.000319597	0.000315147	0.240508
Ecoli_SRP_IDT2_mod_95nt	114	71	A	8	2	0.0021161	0.00208708	0.240508
Ecoli_SRP_IDT2_mod_95nt	114	72	G	12	7	0.00087776	0.000865596	0.240508
Ecoli_SRP_IDT2_mod_95nt	114	73	G	18	4	0.00503167	0.00496439	0.240508
Ecoli_SRP_IDT2_mod_95nt	114	74	C	16	15	0	0	0.240508
Ecoli_SRP_IDT2_mod_95nt	114	75	A	4	1	0.00105215	0.00103759	0.240508
Ecoli_SRP_IDT2_mod_95nt	114	76	G	16	20	0	0	0.240508
Ecoli_SRP_IDT2_mod_95nt	114	77	A	4	2	0.000480891	0.000474205	0.240508
Ecoli_SRP_IDT2_mod_95nt	114	78	T	0	0	0	0	0.240508
Ecoli_SRP_IDT2_mod_95nt	114	79	G	6	4	0.000151225	0.000149117	0.240508
Ecoli_SRP_IDT2_mod_95nt	114	80	A	1	0	0.000404833	0.0003992	0.240508
Ecoli_SRP_IDT2_mod_95nt	114	81	C	5	4	0	0	0.240508
Ecoli_SRP_IDT2_mod_95nt	114	82	G	2	1	0.000240017	0.000236673	0.240508
Ecoli_SRP_IDT2_mod_95nt	114	83	C	3	3	0	0	0.240508
Ecoli_SRP_IDT2_mod_95nt	114	84	G	2	0	0.000808734	0.00079752	0.240508
Ecoli_SRP_IDT2_mod_95nt	114	85	T	0	0	0	0	0.240508
Ecoli_SRP_IDT2_mod_95nt	114	86	G	2	0	0.000808579	0.000797367	0.240508
Ecoli_SRP_IDT2_mod_95nt	114	87	T	0	1	0	0	0.240508
Ecoli_SRP_IDT2_mod_95nt	114	88	G	1	1	0	0	0.240508
Ecoli_SRP_IDT2_mod_95nt	114	89	C	2	3	0	0	0.240508
Ecoli_SRP_IDT2_mod_95nt	114	90	C	1	2	0	0	0.240508
Ecoli_SRP_IDT2_mod_95nt	114	91	G	72	83	0	0	0.240508
Ecoli_SRP_IDT2_mod_95nt	114	92	G	4	5	0	0	0.240508
Ecoli_SRP_IDT2_mod_95nt	114	93	G	54	178	0	0	0.240508
Ecoli_SRP_IDT2_mod_95nt	114	94	A	1755	6507	0	0	0.240508
Ecoli_SRP_IDT2_mod_95nt	114	95	T	1236	2418	0	0	0.240508
Ecoli_SRP_IDT2_mod_95nt	114	96	C	9	8	0.000768303	0.000757646	0.240508
Ecoli_SRP_IDT2_mod_95nt	114	97	T	17	66	0	0	0.240508
Ecoli_SRP_IDT2_mod_95nt	114	98	G	49	83	0	0	0.240508
Ecoli_SRP_IDT2_mod_95nt	114	99	A	0	1	0	0	0.240508
Ecoli_SRP_IDT2_mod_95nt	114	100	C	0	0	0	0	0.240508
Ecoli_SRP_IDT2_mod_95nt	114	101	T	0	0	0	0	0.240508
Ecoli_SRP_IDT2_mod_95nt	114	102	C	0	0	0	0	0.240508
Ecoli_SRP_IDT2_mod_95nt	114	103	G	0	0	0	0	0.240508
Ecoli_SRP_IDT2_mod_95nt	114	104	G	0	0	0	0	0.240508
Ecoli_SRP_IDT2_mod_95nt	114	105	G	0	0	0	0	0.240508
Ecoli_SRP_IDT2_mod_95nt	114	106	C	0	0	0	0	0.240508
Ecoli_SRP_IDT2_mod_95nt	114	107	A	0	0	0	0	0.240508
Ecoli_SRP_IDT2_mod_95nt	114	108	C	0	0	0	0	0.240508
Ecoli_SRP_IDT2_mod_95nt	114	109	C	0	0	0	0	0.240508
Ecoli_SRP_IDT2_mod_95nt	114	110	A	0	0	0	0	0.240508
Ecoli_SRP_IDT2_mod_95nt	114	111	A	0	0	0	0	0.240508
Ecoli_SRP_IDT2_mod_95nt	114	112	G	0	0	0	0	0.240508
Ecoli_SRP_IDT2_mod_95nt	114	113	G	0	0	0	0	0.240508
