sequence	rt_start	five_prime_offset	nucleotide	treated_mods	untreated_mods	beta	theta	c
Ecoli_SRP_IDT2_mod_97nt	116	0	*	26475	27229	-	-	0.228648
Ecoli_SRP_IDT2_mod_97nt	116	1	A	1597	525	0.170354	0.172643	0.228648
Ecoli_SRP_IDT2_mod_97nt	116	2	T	414	145	0.0413058	0.0412391	0.228648
Ecoli_SRP_IDT2_mod_97nt	116	3	C	35	14	0.00319522	0.00317622	0.228648
Ecoli_SRP_IDT2_mod_97nt	116	4	G	42	14	0.00426755	0.0042427	0.228648
Ecoli_SRP_IDT2_mod_97nt	116	5	G	13	6	0.0010571	0.00105056	0.228648
Ecoli_SRP_IDT2_mod_97nt	116	6	G	63	25	0.00575147	0.00571894	0.228648
Ecoli_SRP_IDT2_mod_97nt	116	7	G	42	25	0.00251532	0.00250017	0.228648
Ecoli_SRP_IDT2_mod_97nt	116	8	G	120	85	0.00502461	0.00499578	0.228648
Ecoli_SRP_IDT2_mod_97nt	116	9	C	57	57	0	0	0.228648
Ecoli_SRP_IDT2_mod_97nt	116	10	T	152	98	0.00780519	0.00776286	0.228648
Ecoli_SRP_IDT2_mod_97nt	116	11	C	409	127	0.0416594	0.0415939	0.228648
Ecoli_SRP_IDT2_mod_97nt	116	12	T	162	41	0.0177733	0.017697	0.228648
Ecoli_SRP_IDT2_mod_97nt	116	13	G	81	42	0.00552567	0.00549428	0.228648
Ecoli_SRP_IDT2_mod_97nt	116	14	T	463	104	0.0517935	0.0517722	0.228648
Ecoli_SRP_IDT2_mod_97nt	116	15	T	493	104	0.0550863	0.0550844	0.228648
Ecoli_SRP_IDT2_mod_97nt	116	16	G	109	70	0.0048942	0.00486604	0.228648
Ecoli_SRP_IDT2_mod_97nt	116	17	G	4482	3941	0.0330356	0.0329512	0.228648
Ecoli_SRP_IDT2_mod_97nt	116	18	T	984	524	0.0509488	0.0509229	0.228648
Ecoli_SRP_IDT2_mod_97nt	116	19	T	132	55	0.00872364	0.00867723	0.228648
Ecoli_SRP_IDT2_mod_97nt	116	20	C	35	41	0	0	0.228648
Ecoli_SRP_IDT2_mod_97nt	116	21	T	53	23	0.00336813	0.00334817	0.228648
Ecoli_SRP_IDT2_mod_97nt	116	22	C	69	51	0.00159538	0.00158561	0.228648
Ecoli_SRP_IDT2_mod_97nt	116	23	C	126	110	0.000679904	0.000675669	0.228648
Ecoli_SRP_IDT2_mod_97nt	116	24	C	232	142	0.00915404	0.00910579	0.228648
Ecoli_SRP_IDT2_mod_97nt	116	25	G	194	118	0.007679	0.00763725	0.228648
Ecoli_SRP_IDT2_mod_97nt	116	26	C	365	202	0.0168432	0.0167691	0.228648
Ecoli_SRP_IDT2_mod_97nt	116	27	A	310	74	0.0266589	0.0265713	0.228648
Ecoli_SRP_IDT2_mod_97nt	116	28	A	71	58	0.000775614	0.000770791	0.228648
Ecoli_SRP_IDT2_mod_97nt	116	29	C	276	117	0.0169066	0.0168323	0.228648
Ecoli_SRP_IDT2_mod_97nt	116	30	G	40	20	0.00204763	0.00203519	0.228648
Ecoli_SRP_IDT2_mod_97nt	116	31	C	722	324	0.0409259	0.0408581	0.228648
Ecoli_SRP_IDT2_mod_97nt	116	32	T	683	267	0.0426389	0.0425766	0.228648
Ecoli_SRP_IDT2_mod_97nt	116	33	A	61	29	0.00312188	0.00310329	0.228648
Ecoli_SRP_IDT2_mod_97nt	116	34	C	32	34	0	0	0.228648
Ecoli_SRP_IDT2_mod_97nt	116	35	T	126	53	0.00728782	0.00724787	0.228648
Ecoli_SRP_IDT2_mod_97nt	116	36	C	148	95	0.00440053	0.00437497	0.228648
Ecoli_SRP_IDT2_mod_97nt	116	37	T	224	83	0.0142084	0.0141416	0.228648
Ecoli_SRP_IDT2_mod_97nt	116	38	G	176	92	0.00774191	0.00769987	0.228648
Ecoli_SRP_IDT2_mod_97nt	116	39	T	35	22	0.00107095	0.00106432	0.228648
Ecoli_SRP_IDT2_mod_97nt	116	40	T	183	55	0.0130456	0.0129825	0.228648
Ecoli_SRP_IDT2_mod_97nt	116	41	T	990	305	0.0678729	0.0679704	0.228648
Ecoli_SRP_IDT2_mod_97nt	116	42	A	312	123	0.0177451	0.0176688	0.228648
Ecoli_SRP_IDT2_mod_97nt	116	43	C	161	81	0.0069357	0.0068974	0.228648
Ecoli_SRP_IDT2_mod_97nt	116	44	C	552	254	0.0262991	0.0262117	0.228648
Ecoli_SRP_IDT2_mod_97nt	116	45	A	87	18	0.00679519	0.00675756	0.228648
Ecoli_SRP_IDT2_mod_97nt	116	46	G	85	47	0.00303572	0.00301762	0.228648
Ecoli_SRP_IDT2_mod_97nt	116	47	G	214	114	0.00812048	0.00807673	0.228648
Ecoli_SRP_IDT2_mod_97nt	116	48	T	56	43	0.000515834	0.000512612	0.228648
Ecoli_SRP_IDT2_mod_97nt	116	49	C	236	144	0.00665608	0.00661912	0.228648
Ecoli_SRP_IDT2_mod_97nt	116	50	A	77	28	0.00445237	0.00442654	0.228648
Ecoli_SRP_IDT2_mod_97nt	116	51	G	30	19	0.00075447	0.000749776	0.228648
Ecoli_SRP_IDT2_mod_97nt	116	52	G	113	60	0.00422724	0.00420261	0.228648
Ecoli_SRP_IDT2_mod_97nt	116	53	T	28	24	0	0	0.228648
Ecoli_SRP_IDT2_mod_97nt	116	54	C	58	26	0.00273952	0.00272309	0.228648
Ecoli_SRP_IDT2_mod_97nt	116	55	C	161	61	0.00891232	0.00886511	0.228648
Ecoli_SRP_IDT2_mod_97nt	116	56	G	75	33	0.00358721	0.00356604	0.228648
Ecoli_SRP_IDT2_mod_97nt	116	57	G	360	93	0.0248585	0.0247718	0.228648
Ecoli_SRP_IDT2_mod_97nt	116	58	A	195	71	0.0109101	0.0108548	0.228648
Ecoli_SRP_IDT2_mod_97nt	116	59	A	67	26	0.00354395	0.00352303	0.228648
Ecoli_SRP_IDT2_mod_97nt	116	60	G	61	43	0.000912062	0.000906405	0.228648
Ecoli_SRP_IDT2_mod_97nt	116	61	G	202	115	0.00625974	0.00622469	0.228648
Ecoli_SRP_IDT2_mod_97nt	116	62	A	178	88	0.00705846	0.00701958	0.228648
Ecoli_SRP_IDT2_mod_97nt	116	63	A	89	53	0.00244705	0.00243229	0.228648
Ecoli_SRP_IDT2_mod_97nt	116	64	G	119	78	0.00241462	0.00240005	0.228648
Ecoli_SRP_IDT2_mod_97nt	116	65	C	140	98	0.0020903	0.00207761	0.228648
Ecoli_SRP_IDT2_mod_97nt	116	66	A	206	93	0.00906997	0.00902208	0.228648
Ecoli_SRP_IDT2_mod_97nt	116	67	G	183	131	0.0023308	0.00231671	0.228648
Ecoli_SRP_IDT2_mod_97nt	116	68	C	42	30	0.000540264	0.00053689	0.228648
Ecoli_SRP_IDT2_mod_97nt	116	69	C	120	102	0	0	0.228648
Ecoli_SRP_IDT2_mod_97nt	116	70	A	75	59	0.000326702	0.000324654	0.228648
Ecoli_SRP_IDT2_mod_97nt	116	71	A	104	62	0.0027591	0.00274256	0.228648
Ecoli_SRP_IDT2_mod_97nt	116	72	G	68	40	0.00186106	0.00184972	0.228648
Ecoli_SRP_IDT2_mod_97nt	116	73	G	109	66	0.00275432	0.00273781	0.228648
Ecoli_SRP_IDT2_mod_97nt	116	74	C	139	79	0.00409423	0.0040703	0.228648
Ecoli_SRP_IDT2_mod_97nt	116	75	A	22	14	0.000472876	0.00046992	0.228648
Ecoli_SRP_IDT2_mod_97nt	116	76	G	335	249	0.0030233	0.00300527	0.228648
Ecoli_SRP_IDT2_mod_97nt	116	77	A	31	13	0.00143364	0.00142484	0.228648
Ecoli_SRP_IDT2_mod_97nt	116	78	T	13	15	0	0	0.228648
Ecoli_SRP_IDT2_mod_97nt	116	79	G	81	73	0	0	0.228648
Ecoli_SRP_IDT2_mod_97nt	116	80	A	10	4	0.000483645	0.000480621	0.228648
Ecoli_SRP_IDT2_mod_97nt	116	81	C	138	70	0.00495888	0.00493039	0.228648
Ecoli_SRP_IDT2_mod_97nt	116	82	G	11	12	0	0	0.228648
Ecoli_SRP_IDT2_mod_97nt	116	83	C	42	18	0.00188337	0.0018719	0.228648
Ecoli_SRP_IDT2_mod_97nt	116	84	G	17	11	0.000336296	0.000334188	0.228648
Ecoli_SRP_IDT2_mod_97nt	116	85	T	10	4	0.000480634	0.00047763	0.228648
Ecoli_SRP_IDT2_mod_97nt	116	86	G	28	2	0.00239783	0.00238336	0.228648
Ecoli_SRP_IDT2_mod_97nt	116	87	T	7	2	0.000427585	0.000424909	0.228648
Ecoli_SRP_IDT2_mod_97nt	116	88	G	8	12	0	0	0.228648
Ecoli_SRP_IDT2_mod_97nt	116	89	C	5	1	0.000354397	0.000352176	0.228648
Ecoli_SRP_IDT2_mod_97nt	116	90	C	1	4	0	0	0.228648
Ecoli_SRP_IDT2_mod_97nt	116	91	G	1	8	0	0	0.228648
Ecoli_SRP_IDT2_mod_97nt	116	92	G	4	5	0	0	0.228648
Ecoli_SRP_IDT2_mod_97nt	116	93	G	71	176	0	0	0.228648
Ecoli_SRP_IDT2_mod_97nt	116	94	A	3	21	0	0	0.228648
Ecoli_SRP_IDT2_mod_97nt	116	95	T	6	9	0	0	0.228648
Ecoli_SRP_IDT2_mod_97nt	116	96	G	1762	6398	0	0	0.228648
Ecoli_SRP_IDT2_mod_97nt	116	97	T	1180	2189	0	0	0.228648
Ecoli_SRP_IDT2_mod_97nt	116	98	C	7	10	0	0	0.228648
Ecoli_SRP_IDT2_mod_97nt	116	99	T	21	61	0	0	0.228648
Ecoli_SRP_IDT2_mod_97nt	116	100	G	35	71	0	0	0.228648
Ecoli_SRP_IDT2_mod_97nt	116	101	A	0	1	0	0	0.228648
Ecoli_SRP_IDT2_mod_97nt	116	102	C	0	0	0	0	0.228648
Ecoli_SRP_IDT2_mod_97nt	116	103	T	0	0	0	0	0.228648
Ecoli_SRP_IDT2_mod_97nt	116	104	C	0	0	0	0	0.228648
Ecoli_SRP_IDT2_mod_97nt	116	105	G	0	0	0	0	0.228648
Ecoli_SRP_IDT2_mod_97nt	116	106	G	0	0	0	0	0.228648
Ecoli_SRP_IDT2_mod_97nt	116	107	G	0	0	0	0	0.228648
Ecoli_SRP_IDT2_mod_97nt	116	108	C	0	0	0	0	0.228648
Ecoli_SRP_IDT2_mod_97nt	116	109	A	0	0	0	0	0.228648
Ecoli_SRP_IDT2_mod_97nt	116	110	C	0	0	0	0	0.228648
Ecoli_SRP_IDT2_mod_97nt	116	111	C	0	0	0	0	0.228648
Ecoli_SRP_IDT2_mod_97nt	116	112	A	0	0	0	0	0.228648
Ecoli_SRP_IDT2_mod_97nt	116	113	A	0	0	0	0	0.228648
Ecoli_SRP_IDT2_mod_97nt	116	114	G	0	0	0	0	0.228648
Ecoli_SRP_IDT2_mod_97nt	116	115	G	0	0	0	0	0.228648
