sequence	rt_start	five_prime_offset	nucleotide	treated_mods	untreated_mods	beta	theta	c
Ecoli_SRP_IDT2_mod_87nt	106	0	*	15760	12740	-	-	0.183653
Ecoli_SRP_IDT2_mod_87nt	106	1	A	831	242	0.175414	0.177336	0.183653
Ecoli_SRP_IDT2_mod_87nt	106	2	T	204	54	0.0439986	0.0439409	0.183653
Ecoli_SRP_IDT2_mod_87nt	106	3	C	31	6	0.00757072	0.00753558	0.183653
Ecoli_SRP_IDT2_mod_87nt	106	4	G	31	9	0.00629642	0.00626646	0.183653
Ecoli_SRP_IDT2_mod_87nt	106	5	G	6	2	0.00110918	0.00110338	0.183653
Ecoli_SRP_IDT2_mod_87nt	106	6	G	35	22	0.00213115	0.00212021	0.183653
Ecoli_SRP_IDT2_mod_87nt	106	7	G	51	16	0.00979342	0.00974994	0.183653
Ecoli_SRP_IDT2_mod_87nt	106	8	G	118	72	0.00794856	0.00791193	0.183653
Ecoli_SRP_IDT2_mod_87nt	106	9	C	59	42	0.00145223	0.00144468	0.183653
Ecoli_SRP_IDT2_mod_87nt	106	10	T	74	49	0.00332601	0.00330929	0.183653
Ecoli_SRP_IDT2_mod_87nt	106	11	C	267	90	0.047075	0.0470266	0.183653
Ecoli_SRP_IDT2_mod_87nt	106	12	T	112	32	0.0218337	0.0217607	0.183653
Ecoli_SRP_IDT2_mod_87nt	106	13	G	45	27	0.00295582	0.00294085	0.183653
Ecoli_SRP_IDT2_mod_87nt	106	14	T	172	55	0.0306623	0.0305846	0.183653
Ecoli_SRP_IDT2_mod_87nt	106	15	T	190	43	0.0405225	0.0404565	0.183653
Ecoli_SRP_IDT2_mod_87nt	106	16	G	61	18	0.0112295	0.0111811	0.183653
Ecoli_SRP_IDT2_mod_87nt	106	17	G	2555	1819	0.0336796	0.0336036	0.183653
Ecoli_SRP_IDT2_mod_87nt	106	18	T	551	207	0.0706395	0.0707202	0.183653
Ecoli_SRP_IDT2_mod_87nt	106	19	T	53	21	0.00630497	0.00627498	0.183653
Ecoli_SRP_IDT2_mod_87nt	106	20	C	56	34	0.00249249	0.00247977	0.183653
Ecoli_SRP_IDT2_mod_87nt	106	21	T	51	29	0.00294722	0.0029323	0.183653
Ecoli_SRP_IDT2_mod_87nt	106	22	C	36	22	0.00153824	0.00153025	0.183653
Ecoli_SRP_IDT2_mod_87nt	106	23	C	78	27	0.0105183	0.0104723	0.183653
Ecoli_SRP_IDT2_mod_87nt	106	24	C	156	80	0.0118359	0.0117855	0.183653
Ecoli_SRP_IDT2_mod_87nt	106	25	G	121	74	0.00495508	0.0049309	0.183653
Ecoli_SRP_IDT2_mod_87nt	106	26	C	209	124	0.00974514	0.00970183	0.183653
Ecoli_SRP_IDT2_mod_87nt	106	27	A	192	52	0.0298629	0.029785	0.183653
Ecoli_SRP_IDT2_mod_87nt	106	28	A	60	19	0.00833879	0.00830066	0.183653
Ecoli_SRP_IDT2_mod_87nt	106	29	C	212	87	0.0224285	0.0223548	0.183653
Ecoli_SRP_IDT2_mod_87nt	106	30	G	14	5	0.00172524	0.00171632	0.183653
Ecoli_SRP_IDT2_mod_87nt	106	31	C	390	118	0.054328	0.0543084	0.183653
Ecoli_SRP_IDT2_mod_87nt	106	32	T	313	91	0.0439296	0.0438717	0.183653
Ecoli_SRP_IDT2_mod_87nt	106	33	A	47	13	0.00676872	0.0067368	0.183653
Ecoli_SRP_IDT2_mod_87nt	106	34	C	43	21	0.00313127	0.00311547	0.183653
Ecoli_SRP_IDT2_mod_87nt	106	35	T	77	41	0.00444919	0.00442728	0.183653
Ecoli_SRP_IDT2_mod_87nt	106	36	C	85	53	0.00230755	0.00229573	0.183653
Ecoli_SRP_IDT2_mod_87nt	106	37	T	170	53	0.0220705	0.0219972	0.183653
Ecoli_SRP_IDT2_mod_87nt	106	38	G	110	48	0.00964518	0.00960223	0.183653
Ecoli_SRP_IDT2_mod_87nt	106	39	T	24	14	0.000931133	0.000926248	0.183653
Ecoli_SRP_IDT2_mod_87nt	106	40	T	213	55	0.0308557	0.0307781	0.183653
Ecoli_SRP_IDT2_mod_87nt	106	41	T	418	121	0.0550853	0.0550692	0.183653
Ecoli_SRP_IDT2_mod_87nt	106	42	A	164	39	0.0240636	0.0239881	0.183653
Ecoli_SRP_IDT2_mod_87nt	106	43	C	64	29	0.00486204	0.00483827	0.183653
Ecoli_SRP_IDT2_mod_87nt	106	44	C	191	81	0.016165	0.0161026	0.183653
Ecoli_SRP_IDT2_mod_87nt	106	45	A	39	7	0.00636552	0.00633527	0.183653
Ecoli_SRP_IDT2_mod_87nt	106	46	G	42	16	0.00410499	0.00408464	0.183653
Ecoli_SRP_IDT2_mod_87nt	106	47	G	142	77	0.00641791	0.00638744	0.183653
Ecoli_SRP_IDT2_mod_87nt	106	48	T	22	12	0.000966283	0.000961217	0.183653
Ecoli_SRP_IDT2_mod_87nt	106	49	C	85	45	0.00415548	0.0041349	0.183653
Ecoli_SRP_IDT2_mod_87nt	106	50	A	28	10	0.00291041	0.00289567	0.183653
Ecoli_SRP_IDT2_mod_87nt	106	51	G	8	1	0.00142642	0.001419	0.183653
Ecoli_SRP_IDT2_mod_87nt	106	52	G	47	28	0.0012795	0.00127282	0.183653
Ecoli_SRP_IDT2_mod_87nt	106	53	T	16	13	0	0	0.183653
Ecoli_SRP_IDT2_mod_87nt	106	54	C	28	12	0.00225671	0.00224515	0.183653
Ecoli_SRP_IDT2_mod_87nt	106	55	C	52	18	0.00554726	0.00552049	0.183653
Ecoli_SRP_IDT2_mod_87nt	106	56	G	26	8	0.00308701	0.00307142	0.183653
Ecoli_SRP_IDT2_mod_87nt	106	57	G	174	29	0.0282903	0.0282125	0.183653
Ecoli_SRP_IDT2_mod_87nt	106	58	A	72	34	0.00466002	0.00463715	0.183653
Ecoli_SRP_IDT2_mod_87nt	106	59	A	20	1	0.00397545	0.00395569	0.183653
Ecoli_SRP_IDT2_mod_87nt	106	60	G	17	10	0.000467636	0.000465163	0.183653
Ecoli_SRP_IDT2_mod_87nt	106	61	G	43	33	0	0	0.183653
Ecoli_SRP_IDT2_mod_87nt	106	62	A	50	23	0.00340255	0.00338546	0.183653
Ecoli_SRP_IDT2_mod_87nt	106	63	A	24	15	0.000375674	0.000373684	0.183653
Ecoli_SRP_IDT2_mod_87nt	106	64	G	20	16	0	0	0.183653
Ecoli_SRP_IDT2_mod_87nt	106	65	C	36	27	0	0	0.183653
Ecoli_SRP_IDT2_mod_87nt	106	66	A	53	28	0.00244401	0.00243152	0.183653
Ecoli_SRP_IDT2_mod_87nt	106	67	G	40	22	0.00156542	0.0015573	0.183653
Ecoli_SRP_IDT2_mod_87nt	106	68	C	11	5	0.000760326	0.000756325	0.183653
Ecoli_SRP_IDT2_mod_87nt	106	69	C	18	3	0.00287338	0.00285881	0.183653
Ecoli_SRP_IDT2_mod_87nt	106	70	A	8	0	0.00169606	0.00168728	0.183653
Ecoli_SRP_IDT2_mod_87nt	106	71	A	4	1	0.000533136	0.00053032	0.183653
Ecoli_SRP_IDT2_mod_87nt	106	72	G	1	1	0	0	0.183653
Ecoli_SRP_IDT2_mod_87nt	106	73	G	2	3	0	0	0.183653
Ecoli_SRP_IDT2_mod_87nt	106	74	C	5	2	0.000430226	0.00042795	0.183653
Ecoli_SRP_IDT2_mod_87nt	106	75	A	3	1	0.000321006	0.000319304	0.183653
Ecoli_SRP_IDT2_mod_87nt	106	76	G	14	7	0.000763305	0.00075929	0.183653
Ecoli_SRP_IDT2_mod_87nt	106	77	A	0	0	0	0	0.183653
Ecoli_SRP_IDT2_mod_87nt	106	78	T	0	0	0	0	0.183653
Ecoli_SRP_IDT2_mod_87nt	106	79	G	7	5	0	0	0.183653
Ecoli_SRP_IDT2_mod_87nt	106	80	A	0	2	0	0	0.183653
Ecoli_SRP_IDT2_mod_87nt	106	81	C	4	6	0	0	0.183653
Ecoli_SRP_IDT2_mod_87nt	106	82	G	3	3	0	0	0.183653
Ecoli_SRP_IDT2_mod_87nt	106	83	C	33	54	0	0	0.183653
Ecoli_SRP_IDT2_mod_87nt	106	84	G	6	16	0	0	0.183653
Ecoli_SRP_IDT2_mod_87nt	106	85	T	5	11	0	0	0.183653
Ecoli_SRP_IDT2_mod_87nt	106	86	G	1806	6462	0	0	0.183653
Ecoli_SRP_IDT2_mod_87nt	106	87	T	1197	2317	0	0	0.183653
Ecoli_SRP_IDT2_mod_87nt	106	88	C	8	14	0	0	0.183653
Ecoli_SRP_IDT2_mod_87nt	106	89	T	16	53	0	0	0.183653
Ecoli_SRP_IDT2_mod_87nt	106	90	G	36	81	0	0	0.183653
Ecoli_SRP_IDT2_mod_87nt	106	91	A	0	0	0	0	0.183653
Ecoli_SRP_IDT2_mod_87nt	106	92	C	0	1	0	0	0.183653
Ecoli_SRP_IDT2_mod_87nt	106	93	T	0	1	0	0	0.183653
Ecoli_SRP_IDT2_mod_87nt	106	94	C	0	0	0	0	0.183653
Ecoli_SRP_IDT2_mod_87nt	106	95	G	0	0	0	0	0.183653
Ecoli_SRP_IDT2_mod_87nt	106	96	G	0	0	0	0	0.183653
Ecoli_SRP_IDT2_mod_87nt	106	97	G	0	0	0	0	0.183653
Ecoli_SRP_IDT2_mod_87nt	106	98	C	0	0	0	0	0.183653
Ecoli_SRP_IDT2_mod_87nt	106	99	A	0	0	0	0	0.183653
Ecoli_SRP_IDT2_mod_87nt	106	100	C	0	0	0	0	0.183653
Ecoli_SRP_IDT2_mod_87nt	106	101	C	0	0	0	0	0.183653
Ecoli_SRP_IDT2_mod_87nt	106	102	A	0	0	0	0	0.183653
Ecoli_SRP_IDT2_mod_87nt	106	103	A	0	0	0	0	0.183653
Ecoli_SRP_IDT2_mod_87nt	106	104	G	0	0	0	0	0.183653
Ecoli_SRP_IDT2_mod_87nt	106	105	G	0	0	0	0	0.183653
