sequence	rt_start	five_prime_offset	nucleotide	treated_mods	untreated_mods	beta	theta	c
Ecoli_SRP_IDT2_mod_101nt	120	0	*	7706	7272	-	-	0.156071
Ecoli_SRP_IDT2_mod_101nt	120	1	A	433	153	0.214443	0.216867	0.156071
Ecoli_SRP_IDT2_mod_101nt	120	2	T	108	32	0.056976	0.0569078	0.156071
Ecoli_SRP_IDT2_mod_101nt	120	3	C	9	3	0.00443476	0.00441135	0.156071
Ecoli_SRP_IDT2_mod_101nt	120	4	G	10	4	0.00434443	0.00432148	0.156071
Ecoli_SRP_IDT2_mod_101nt	120	5	G	2	1	0.000695596	0.000691725	0.156071
Ecoli_SRP_IDT2_mod_101nt	120	6	G	17	15	0.000300572	0.00029889	0.156071
Ecoli_SRP_IDT2_mod_101nt	120	7	G	6	12	0	0	0.156071
Ecoli_SRP_IDT2_mod_101nt	120	8	G	35	39	0	0	0.156071
Ecoli_SRP_IDT2_mod_101nt	120	9	C	14	16	0	0	0.156071
Ecoli_SRP_IDT2_mod_101nt	120	10	T	30	20	0.00608057	0.00604925	0.156071
Ecoli_SRP_IDT2_mod_101nt	120	11	C	73	33	0.0278547	0.0277582	0.156071
Ecoli_SRP_IDT2_mod_101nt	120	12	T	25	15	0.00634324	0.0063107	0.156071
Ecoli_SRP_IDT2_mod_101nt	120	13	G	20	15	0.00252015	0.00250648	0.156071
Ecoli_SRP_IDT2_mod_101nt	120	14	T	60	21	0.0276184	0.0275222	0.156071
Ecoli_SRP_IDT2_mod_101nt	120	15	T	71	18	0.038045	0.0379433	0.156071
Ecoli_SRP_IDT2_mod_101nt	120	16	G	27	20	0.00337045	0.00335238	0.156071
Ecoli_SRP_IDT2_mod_101nt	120	17	G	1210	1113	0	0	0.156071
Ecoli_SRP_IDT2_mod_101nt	120	18	T	230	135	0.0503641	0.0502779	0.156071
Ecoli_SRP_IDT2_mod_101nt	120	19	T	27	23	0.000664531	0.000660831	0.156071
Ecoli_SRP_IDT2_mod_101nt	120	20	C	14	10	0.00172632	0.00171685	0.156071
Ecoli_SRP_IDT2_mod_101nt	120	21	T	13	7	0.00323899	0.0032216	0.156071
Ecoli_SRP_IDT2_mod_101nt	120	22	C	26	15	0.00574043	0.00571072	0.156071
Ecoli_SRP_IDT2_mod_101nt	120	23	C	46	24	0.0119044	0.0118484	0.156071
Ecoli_SRP_IDT2_mod_101nt	120	24	C	61	43	0.00771238	0.00767363	0.156071
Ecoli_SRP_IDT2_mod_101nt	120	25	G	43	34	0.00277557	0.00276057	0.156071
Ecoli_SRP_IDT2_mod_101nt	120	26	C	81	70	0.000982345	0.000976899	0.156071
Ecoli_SRP_IDT2_mod_101nt	120	27	A	48	21	0.0149117	0.0148451	0.156071
Ecoli_SRP_IDT2_mod_101nt	120	28	A	18	8	0.00548195	0.00545346	0.156071
Ecoli_SRP_IDT2_mod_101nt	120	29	C	55	26	0.0155636	0.0154948	0.156071
Ecoli_SRP_IDT2_mod_101nt	120	30	G	10	9	0	0	0.156071
Ecoli_SRP_IDT2_mod_101nt	120	31	C	162	87	0.0378132	0.0377115	0.156071
Ecoli_SRP_IDT2_mod_101nt	120	32	T	154	55	0.053998	0.0539208	0.156071
Ecoli_SRP_IDT2_mod_101nt	120	33	A	23	8	0.00814739	0.00810673	0.156071
Ecoli_SRP_IDT2_mod_101nt	120	34	C	7	18	0	0	0.156071
Ecoli_SRP_IDT2_mod_101nt	120	35	T	33	15	0.00923886	0.00919353	0.156071
Ecoli_SRP_IDT2_mod_101nt	120	36	C	37	27	0.00335876	0.00334076	0.156071
Ecoli_SRP_IDT2_mod_101nt	120	37	T	78	27	0.0272944	0.0271986	0.156071
Ecoli_SRP_IDT2_mod_101nt	120	38	G	35	21	0.00614395	0.00611234	0.156071
Ecoli_SRP_IDT2_mod_101nt	120	39	T	3	12	0	0	0.156071
Ecoli_SRP_IDT2_mod_101nt	120	40	T	36	18	0.00873246	0.00868928	0.156071
Ecoli_SRP_IDT2_mod_101nt	120	41	T	231	97	0.0670594	0.067032	0.156071
Ecoli_SRP_IDT2_mod_101nt	120	42	A	96	35	0.0308866	0.0307869	0.156071
Ecoli_SRP_IDT2_mod_101nt	120	43	C	37	36	0	0	0.156071
Ecoli_SRP_IDT2_mod_101nt	120	44	C	190	65	0.0625391	0.0624914	0.156071
Ecoli_SRP_IDT2_mod_101nt	120	45	A	21	6	0.00763514	0.00759673	0.156071
Ecoli_SRP_IDT2_mod_101nt	120	46	G	28	17	0.00421835	0.00419602	0.156071
Ecoli_SRP_IDT2_mod_101nt	120	47	G	51	30	0.00826991	0.00822872	0.156071
Ecoli_SRP_IDT2_mod_101nt	120	48	T	16	20	0	0	0.156071
Ecoli_SRP_IDT2_mod_101nt	120	49	C	57	34	0.00886524	0.00882149	0.156071
Ecoli_SRP_IDT2_mod_101nt	120	50	A	23	11	0.00533246	0.00530469	0.156071
Ecoli_SRP_IDT2_mod_101nt	120	51	G	8	5	0.00108528	0.00107927	0.156071
Ecoli_SRP_IDT2_mod_101nt	120	52	G	30	12	0.00845257	0.00841059	0.156071
Ecoli_SRP_IDT2_mod_101nt	120	53	T	9	3	0.00292167	0.00290591	0.156071
Ecoli_SRP_IDT2_mod_101nt	120	54	C	20	5	0.00756421	0.00752613	0.156071
Ecoli_SRP_IDT2_mod_101nt	120	55	C	36	11	0.0122687	0.0122114	0.156071
Ecoli_SRP_IDT2_mod_101nt	120	56	G	22	7	0.00729503	0.00725815	0.156071
Ecoli_SRP_IDT2_mod_101nt	120	57	G	59	28	0.0134834	0.0134217	0.156071
Ecoli_SRP_IDT2_mod_101nt	120	58	A	37	21	0.0061818	0.00615002	0.156071
Ecoli_SRP_IDT2_mod_101nt	120	59	A	14	4	0.00488178	0.00485618	0.156071
Ecoli_SRP_IDT2_mod_101nt	120	60	G	18	5	0.00635698	0.00632438	0.156071
Ecoli_SRP_IDT2_mod_101nt	120	61	G	42	19	0.0100497	0.010001	0.156071
Ecoli_SRP_IDT2_mod_101nt	120	62	A	30	12	0.00815852	0.00811782	0.156071
Ecoli_SRP_IDT2_mod_101nt	120	63	A	9	11	0	0	0.156071
Ecoli_SRP_IDT2_mod_101nt	120	64	G	31	14	0.00736822	0.00733101	0.156071
Ecoli_SRP_IDT2_mod_101nt	120	65	C	36	20	0.00612105	0.00608954	0.156071
Ecoli_SRP_IDT2_mod_101nt	120	66	A	31	29	0	0	0.156071
Ecoli_SRP_IDT2_mod_101nt	120	67	G	45	27	0.00631982	0.00628739	0.156071
Ecoli_SRP_IDT2_mod_101nt	120	68	C	18	12	0.00175296	0.00174335	0.156071
Ecoli_SRP_IDT2_mod_101nt	120	69	C	29	36	0	0	0.156071
Ecoli_SRP_IDT2_mod_101nt	120	70	A	14	12	0	0	0.156071
Ecoli_SRP_IDT2_mod_101nt	120	71	A	15	11	0.000826714	0.000822121	0.156071
Ecoli_SRP_IDT2_mod_101nt	120	72	G	8	11	0	0	0.156071
Ecoli_SRP_IDT2_mod_101nt	120	73	G	19	12	0.00226934	0.00225698	0.156071
Ecoli_SRP_IDT2_mod_101nt	120	74	C	31	38	0	0	0.156071
Ecoli_SRP_IDT2_mod_101nt	120	75	A	8	4	0.00161784	0.00160895	0.156071
Ecoli_SRP_IDT2_mod_101nt	120	76	G	45	50	0	0	0.156071
Ecoli_SRP_IDT2_mod_101nt	120	77	A	7	2	0.00235119	0.0023384	0.156071
Ecoli_SRP_IDT2_mod_101nt	120	78	T	3	2	0.000291526	0.000289894	0.156071
Ecoli_SRP_IDT2_mod_101nt	120	79	G	10	9	0	0	0.156071
Ecoli_SRP_IDT2_mod_101nt	120	80	A	7	7	0	0	0.156071
Ecoli_SRP_IDT2_mod_101nt	120	81	C	24	22	0	0	0.156071
Ecoli_SRP_IDT2_mod_101nt	120	82	G	12	10	0	0	0.156071
Ecoli_SRP_IDT2_mod_101nt	120	83	C	23	10	0.00554367	0.00551489	0.156071
Ecoli_SRP_IDT2_mod_101nt	120	84	G	33	16	0.00689931	0.00686421	0.156071
Ecoli_SRP_IDT2_mod_101nt	120	85	T	15	15	0	0	0.156071
Ecoli_SRP_IDT2_mod_101nt	120	86	G	10	6	0.00136973	0.00136218	0.156071
Ecoli_SRP_IDT2_mod_101nt	120	87	T	10	5	0.0019879	0.00197703	0.156071
Ecoli_SRP_IDT2_mod_101nt	120	88	G	3	0	0.00152606	0.00151767	0.156071
Ecoli_SRP_IDT2_mod_101nt	120	89	C	1	1	0	0	0.156071
Ecoli_SRP_IDT2_mod_101nt	120	90	C	1	1	0	0	0.156071
Ecoli_SRP_IDT2_mod_101nt	120	91	G	2	0	0.00101705	0.00101142	0.156071
Ecoli_SRP_IDT2_mod_101nt	120	92	G	0	0	0	0	0.156071
Ecoli_SRP_IDT2_mod_101nt	120	93	G	2	4	0	0	0.156071
Ecoli_SRP_IDT2_mod_101nt	120	94	A	3	3	0	0	0.156071
Ecoli_SRP_IDT2_mod_101nt	120	95	T	1	8	0	0	0.156071
Ecoli_SRP_IDT2_mod_101nt	120	96	G	6	16	0	0	0.156071
Ecoli_SRP_IDT2_mod_101nt	120	97	T	59	132	0	0	0.156071
Ecoli_SRP_IDT2_mod_101nt	120	98	A	4	9	0	0	0.156071
Ecoli_SRP_IDT2_mod_101nt	120	99	G	10	18	0	0	0.156071
Ecoli_SRP_IDT2_mod_101nt	120	100	C	1826	6497	0	0	0.156071
Ecoli_SRP_IDT2_mod_101nt	120	101	T	1018	2121	0	0	0.156071
Ecoli_SRP_IDT2_mod_101nt	120	102	C	8	10	0	0	0.156071
Ecoli_SRP_IDT2_mod_101nt	120	103	T	21	65	0	0	0.156071
Ecoli_SRP_IDT2_mod_101nt	120	104	G	37	69	0	0	0.156071
Ecoli_SRP_IDT2_mod_101nt	120	105	A	1	0	0.000411281	0.000408983	0.156071
Ecoli_SRP_IDT2_mod_101nt	120	106	C	0	1	0	0	0.156071
Ecoli_SRP_IDT2_mod_101nt	120	107	T	0	0	0	0	0.156071
Ecoli_SRP_IDT2_mod_101nt	120	108	C	0	0	0	0	0.156071
Ecoli_SRP_IDT2_mod_101nt	120	109	G	0	0	0	0	0.156071
Ecoli_SRP_IDT2_mod_101nt	120	110	G	0	0	0	0	0.156071
Ecoli_SRP_IDT2_mod_101nt	120	111	G	0	0	0	0	0.156071
Ecoli_SRP_IDT2_mod_101nt	120	112	C	0	0	0	0	0.156071
Ecoli_SRP_IDT2_mod_101nt	120	113	A	0	0	0	0	0.156071
Ecoli_SRP_IDT2_mod_101nt	120	114	C	0	0	0	0	0.156071
Ecoli_SRP_IDT2_mod_101nt	120	115	C	0	0	0	0	0.156071
Ecoli_SRP_IDT2_mod_101nt	120	116	A	0	0	0	0	0.156071
Ecoli_SRP_IDT2_mod_101nt	120	117	A	0	0	0	0	0.156071
Ecoli_SRP_IDT2_mod_101nt	120	118	G	0	0	0	0	0.156071
Ecoli_SRP_IDT2_mod_101nt	120	119	G	0	0	0	0	0.156071
