sequence	rt_start	five_prime_offset	nucleotide	treated_mods	untreated_mods	beta	theta	c
Ecoli_SRP_IDT2_mod_57nt	76	0	*	25687	24359	-	-	0.0796778
Ecoli_SRP_IDT2_mod_57nt	76	1	A	1470	557	0.41107	0.414683	0.0796778
Ecoli_SRP_IDT2_mod_57nt	76	2	T	280	93	0.0823471	0.0819806	0.0796778
Ecoli_SRP_IDT2_mod_57nt	76	3	C	32	9	0.0101878	0.0101135	0.0796778
Ecoli_SRP_IDT2_mod_57nt	76	4	G	26	9	0.00741451	0.00735961	0.0796778
Ecoli_SRP_IDT2_mod_57nt	76	5	G	6	2	0.00174892	0.00173558	0.0796778
Ecoli_SRP_IDT2_mod_57nt	76	6	G	30	25	0.00116269	0.0011538	0.0796778
Ecoli_SRP_IDT2_mod_57nt	76	7	G	32	42	0	0	0.0796778
Ecoli_SRP_IDT2_mod_57nt	76	8	G	187	151	0.00964261	0.00957205	0.0796778
Ecoli_SRP_IDT2_mod_57nt	76	9	C	74	76	0	0	0.0796778
Ecoli_SRP_IDT2_mod_57nt	76	10	T	104	78	0.00828597	0.0082249	0.0796778
Ecoli_SRP_IDT2_mod_57nt	76	11	C	194	95	0.0402747	0.0400285	0.0796778
Ecoli_SRP_IDT2_mod_57nt	76	12	T	98	42	0.0231597	0.0230026	0.0796778
Ecoli_SRP_IDT2_mod_57nt	76	13	G	41	33	0.00202929	0.00201384	0.0796778
Ecoli_SRP_IDT2_mod_57nt	76	14	T	161	56	0.0441038	0.0438408	0.0796778
Ecoli_SRP_IDT2_mod_57nt	76	15	T	157	69	0.0356147	0.0353904	0.0796778
Ecoli_SRP_IDT2_mod_57nt	76	16	G	85	50	0.0129683	0.0128751	0.0796778
Ecoli_SRP_IDT2_mod_57nt	76	17	G	4432	4016	0	0	0.0796778
Ecoli_SRP_IDT2_mod_57nt	76	18	T	707	508	0.053166	0.0528681	0.0796778
Ecoli_SRP_IDT2_mod_57nt	76	19	T	80	32	0.0165233	0.0164069	0.0796778
Ecoli_SRP_IDT2_mod_57nt	76	20	C	35	37	0	0	0.0796778
Ecoli_SRP_IDT2_mod_57nt	76	21	T	38	26	0.0033273	0.00330212	0.0796778
Ecoli_SRP_IDT2_mod_57nt	76	22	C	70	49	0.00565196	0.00560972	0.0796778
Ecoli_SRP_IDT2_mod_57nt	76	23	C	144	109	0.00816357	0.00810337	0.0796778
Ecoli_SRP_IDT2_mod_57nt	76	24	C	161	148	0	0	0.0796778
Ecoli_SRP_IDT2_mod_57nt	76	25	G	88	86	0	0	0.0796778
Ecoli_SRP_IDT2_mod_57nt	76	26	C	151	133	0.000791987	0.000785917	0.0796778
Ecoli_SRP_IDT2_mod_57nt	76	27	A	125	53	0.0239455	0.0237837	0.0796778
Ecoli_SRP_IDT2_mod_57nt	76	28	A	43	31	0.00300052	0.00297779	0.0796778
Ecoli_SRP_IDT2_mod_57nt	76	29	C	142	94	0.0132632	0.0131681	0.0796778
Ecoli_SRP_IDT2_mod_57nt	76	30	G	25	10	0.00499067	0.00495324	0.0796778
Ecoli_SRP_IDT2_mod_57nt	76	31	C	352	189	0.0501245	0.0498376	0.0796778
Ecoli_SRP_IDT2_mod_57nt	76	32	T	269	106	0.0532151	0.052917	0.0796778
Ecoli_SRP_IDT2_mod_57nt	76	33	A	37	24	0.00349352	0.00346711	0.0796778
Ecoli_SRP_IDT2_mod_57nt	76	34	C	27	11	0.00516734	0.00512862	0.0796778
Ecoli_SRP_IDT2_mod_57nt	76	35	T	55	35	0.00544297	0.00540225	0.0796778
Ecoli_SRP_IDT2_mod_57nt	76	36	C	78	53	0.00634364	0.0062964	0.0796778
Ecoli_SRP_IDT2_mod_57nt	76	37	T	165	62	0.0333674	0.0331544	0.0796778
Ecoli_SRP_IDT2_mod_57nt	76	38	G	59	24	0.011156	0.0110751	0.0796778
Ecoli_SRP_IDT2_mod_57nt	76	39	T	1	5	0	0	0.0796778
Ecoli_SRP_IDT2_mod_57nt	76	40	T	20	3	0.00583227	0.00578873	0.0796778
Ecoli_SRP_IDT2_mod_57nt	76	41	T	26	23	0	0	0.0796778
Ecoli_SRP_IDT2_mod_57nt	76	42	A	7	11	0	0	0.0796778
Ecoli_SRP_IDT2_mod_57nt	76	43	C	1	1	0	0	0.0796778
Ecoli_SRP_IDT2_mod_57nt	76	44	C	5	11	0	0	0.0796778
Ecoli_SRP_IDT2_mod_57nt	76	45	A	2	1	0.000302712	0.000300387	0.0796778
Ecoli_SRP_IDT2_mod_57nt	76	46	G	4	3	0.000205602	0.000204021	0.0796778
Ecoli_SRP_IDT2_mod_57nt	76	47	G	13	9	0.000967601	0.000960192	0.0796778
Ecoli_SRP_IDT2_mod_57nt	76	48	T	0	2	0	0	0.0796778
Ecoli_SRP_IDT2_mod_57nt	76	49	C	2	3	0	0	0.0796778
Ecoli_SRP_IDT2_mod_57nt	76	50	A	1	1	0	0	0.0796778
Ecoli_SRP_IDT2_mod_57nt	76	51	G	8	4	0.00120989	0.00120064	0.0796778
Ecoli_SRP_IDT2_mod_57nt	76	52	G	79	82	0	0	0.0796778
Ecoli_SRP_IDT2_mod_57nt	76	53	T	75	112	0	0	0.0796778
Ecoli_SRP_IDT2_mod_57nt	76	54	C	3	3	0	0	0.0796778
Ecoli_SRP_IDT2_mod_57nt	76	55	C	3	3	0	0	0.0796778
Ecoli_SRP_IDT2_mod_57nt	76	56	G	45	169	0	0	0.0796778
Ecoli_SRP_IDT2_mod_57nt	76	57	G	1215	2354	0	0	0.0796778
Ecoli_SRP_IDT2_mod_57nt	76	58	C	5	17	0	0	0.0796778
Ecoli_SRP_IDT2_mod_57nt	76	59	T	12	64	0	0	0.0796778
Ecoli_SRP_IDT2_mod_57nt	76	60	G	35	68	0	0	0.0796778
Ecoli_SRP_IDT2_mod_57nt	76	61	A	1	0	0.000337187	0.000334596	0.0796778
Ecoli_SRP_IDT2_mod_57nt	76	62	C	0	0	0	0	0.0796778
Ecoli_SRP_IDT2_mod_57nt	76	63	T	0	0	0	0	0.0796778
Ecoli_SRP_IDT2_mod_57nt	76	64	C	0	0	0	0	0.0796778
Ecoli_SRP_IDT2_mod_57nt	76	65	G	0	0	0	0	0.0796778
Ecoli_SRP_IDT2_mod_57nt	76	66	G	0	0	0	0	0.0796778
Ecoli_SRP_IDT2_mod_57nt	76	67	G	0	0	0	0	0.0796778
Ecoli_SRP_IDT2_mod_57nt	76	68	C	0	0	0	0	0.0796778
Ecoli_SRP_IDT2_mod_57nt	76	69	A	0	0	0	0	0.0796778
Ecoli_SRP_IDT2_mod_57nt	76	70	C	0	0	0	0	0.0796778
Ecoli_SRP_IDT2_mod_57nt	76	71	C	0	0	0	0	0.0796778
Ecoli_SRP_IDT2_mod_57nt	76	72	A	0	0	0	0	0.0796778
Ecoli_SRP_IDT2_mod_57nt	76	73	A	0	0	0	0	0.0796778
Ecoli_SRP_IDT2_mod_57nt	76	74	G	0	0	0	0	0.0796778
Ecoli_SRP_IDT2_mod_57nt	76	75	G	0	0	0	0	0.0796778
