sequence	rt_start	five_prime_offset	nucleotide	treated_mods	untreated_mods	beta	theta	c
Ecoli_SRP_IDT2_mod_91nt	110	0	*	3931	3782	-	-	0.326309
Ecoli_SRP_IDT2_mod_91nt	110	1	A	174	56	0.0870724	0.0876881	0.326309
Ecoli_SRP_IDT2_mod_91nt	110	2	T	43	9	0.0248357	0.0247566	0.326309
Ecoli_SRP_IDT2_mod_91nt	110	3	C	4	3	0.00056894	0.000564896	0.326309
Ecoli_SRP_IDT2_mod_91nt	110	4	G	2	0	0.00148618	0.00147584	0.326309
Ecoli_SRP_IDT2_mod_91nt	110	5	G	1	0	0.000742912	0.000737652	0.326309
Ecoli_SRP_IDT2_mod_91nt	110	6	G	9	9	0	0	0.326309
Ecoli_SRP_IDT2_mod_91nt	110	7	G	5	3	0.00130528	0.00129615	0.326309
Ecoli_SRP_IDT2_mod_91nt	110	8	G	34	13	0.014664	0.0145931	0.326309
Ecoli_SRP_IDT2_mod_91nt	110	9	C	9	7	0.00103149	0.00102423	0.326309
Ecoli_SRP_IDT2_mod_91nt	110	10	T	17	11	0.00369694	0.00367253	0.326309
Ecoli_SRP_IDT2_mod_91nt	110	11	C	56	17	0.0270376	0.0269612	0.326309
Ecoli_SRP_IDT2_mod_91nt	110	12	T	18	5	0.00898168	0.00893001	0.326309
Ecoli_SRP_IDT2_mod_91nt	110	13	G	5	4	0.000432479	0.000429395	0.326309
Ecoli_SRP_IDT2_mod_91nt	110	14	T	55	7	0.0334682	0.0334087	0.326309
Ecoli_SRP_IDT2_mod_91nt	110	15	T	38	21	0.0102841	0.0102271	0.326309
Ecoli_SRP_IDT2_mod_91nt	110	16	G	22	6	0.0106847	0.0106262	0.326309
Ecoli_SRP_IDT2_mod_91nt	110	17	G	984	820	0.0379667	0.0379271	0.326309
Ecoli_SRP_IDT2_mod_91nt	110	18	T	218	103	0.0556	0.0557028	0.326309
Ecoli_SRP_IDT2_mod_91nt	110	19	T	21	5	0.00832766	0.00827888	0.326309
Ecoli_SRP_IDT2_mod_91nt	110	20	C	5	3	0.000835643	0.000829738	0.326309
Ecoli_SRP_IDT2_mod_91nt	110	21	T	8	3	0.00247035	0.00245355	0.326309
Ecoli_SRP_IDT2_mod_91nt	110	22	C	22	7	0.00754949	0.00750431	0.326309
Ecoli_SRP_IDT2_mod_91nt	110	23	C	36	17	0.00878269	0.00873189	0.326309
Ecoli_SRP_IDT2_mod_91nt	110	24	C	52	38	0.00415393	0.0041268	0.326309
Ecoli_SRP_IDT2_mod_91nt	110	25	G	42	27	0.0055916	0.00555638	0.326309
Ecoli_SRP_IDT2_mod_91nt	110	26	C	54	37	0.0056795	0.0056438	0.326309
Ecoli_SRP_IDT2_mod_91nt	110	27	A	80	34	0.020884	0.0208041	0.326309
Ecoli_SRP_IDT2_mod_91nt	110	28	A	35	14	0.00955412	0.00950004	0.326309
Ecoli_SRP_IDT2_mod_91nt	110	29	C	101	46	0.0236787	0.0235989	0.326309
Ecoli_SRP_IDT2_mod_91nt	110	30	G	21	11	0.00399741	0.0039712	0.326309
Ecoli_SRP_IDT2_mod_91nt	110	31	C	280	127	0.0621919	0.0623747	0.326309
Ecoli_SRP_IDT2_mod_91nt	110	32	T	217	90	0.0502804	0.0503294	0.326309
Ecoli_SRP_IDT2_mod_91nt	110	33	A	18	10	0.00262671	0.00260891	0.326309
Ecoli_SRP_IDT2_mod_91nt	110	34	C	19	11	0.0025036	0.00248658	0.326309
Ecoli_SRP_IDT2_mod_91nt	110	35	T	51	17	0.0138194	0.0137507	0.326309
Ecoli_SRP_IDT2_mod_91nt	110	36	C	66	30	0.013102	0.0130354	0.326309
Ecoli_SRP_IDT2_mod_91nt	110	37	T	137	39	0.0395395	0.0395084	0.326309
Ecoli_SRP_IDT2_mod_91nt	110	38	G	93	46	0.0153657	0.0152931	0.326309
Ecoli_SRP_IDT2_mod_91nt	110	39	T	14	20	0	0	0.326309
Ecoli_SRP_IDT2_mod_91nt	110	40	T	91	17	0.0302253	0.0301556	0.326309
Ecoli_SRP_IDT2_mod_91nt	110	41	T	447	153	0.102709	0.103705	0.326309
Ecoli_SRP_IDT2_mod_91nt	110	42	A	146	20	0.0480075	0.0480364	0.326309
Ecoli_SRP_IDT2_mod_91nt	110	43	C	29	22	0	0	0.326309
Ecoli_SRP_IDT2_mod_91nt	110	44	C	314	157	0.0393849	0.039353	0.326309
Ecoli_SRP_IDT2_mod_91nt	110	45	A	46	9	0.012895	0.012829	0.326309
Ecoli_SRP_IDT2_mod_91nt	110	46	G	39	20	0.0044077	0.0043791	0.326309
Ecoli_SRP_IDT2_mod_91nt	110	47	G	92	49	0.00930537	0.00925233	0.326309
Ecoli_SRP_IDT2_mod_91nt	110	48	T	13	11	0	0	0.326309
Ecoli_SRP_IDT2_mod_91nt	110	49	C	114	72	0.00551171	0.00547692	0.326309
Ecoli_SRP_IDT2_mod_91nt	110	50	A	16	6	0.00285759	0.00283833	0.326309
Ecoli_SRP_IDT2_mod_91nt	110	51	G	8	2	0.00193624	0.0019229	0.326309
Ecoli_SRP_IDT2_mod_91nt	110	52	G	50	19	0.00872667	0.00867611	0.326309
Ecoli_SRP_IDT2_mod_91nt	110	53	T	11	6	0.000986267	0.000979322	0.326309
Ecoli_SRP_IDT2_mod_91nt	110	54	C	25	16	0.00103443	0.00102716	0.326309
Ecoli_SRP_IDT2_mod_91nt	110	55	C	57	20	0.0106377	0.0105793	0.326309
Ecoli_SRP_IDT2_mod_91nt	110	56	G	33	10	0.00690973	0.00686767	0.326309
Ecoli_SRP_IDT2_mod_91nt	110	57	G	203	38	0.0530396	0.0531154	0.326309
Ecoli_SRP_IDT2_mod_91nt	110	58	A	73	17	0.0171398	0.0170638	0.326309
Ecoli_SRP_IDT2_mod_91nt	110	59	A	20	1	0.00649738	0.0064574	0.326309
Ecoli_SRP_IDT2_mod_91nt	110	60	G	25	12	0.00273713	0.00271863	0.326309
Ecoli_SRP_IDT2_mod_91nt	110	61	G	66	50	0	0	0.326309
Ecoli_SRP_IDT2_mod_91nt	110	62	A	30	15	0.00295136	0.00293152	0.326309
Ecoli_SRP_IDT2_mod_91nt	110	63	A	14	10	0	0	0.326309
Ecoli_SRP_IDT2_mod_91nt	110	64	G	36	21	0.00204043	0.00202641	0.326309
Ecoli_SRP_IDT2_mod_91nt	110	65	C	50	32	0.00142409	0.00141417	0.326309
Ecoli_SRP_IDT2_mod_91nt	110	66	A	53	47	0	0	0.326309
Ecoli_SRP_IDT2_mod_91nt	110	67	G	43	29	0.000511734	0.000508092	0.326309
Ecoli_SRP_IDT2_mod_91nt	110	68	C	19	31	0	0	0.326309
Ecoli_SRP_IDT2_mod_91nt	110	69	C	44	53	0	0	0.326309
Ecoli_SRP_IDT2_mod_91nt	110	70	A	9	1	0.00253903	0.00252178	0.326309
Ecoli_SRP_IDT2_mod_91nt	110	71	A	13	7	0.0010166	0.00100944	0.326309
Ecoli_SRP_IDT2_mod_91nt	110	72	G	4	2	0.000385569	0.000382816	0.326309
Ecoli_SRP_IDT2_mod_91nt	110	73	G	7	5	0	0	0.326309
Ecoli_SRP_IDT2_mod_91nt	110	74	C	1	2	0	0	0.326309
Ecoli_SRP_IDT2_mod_91nt	110	75	A	1	0	0.000334105	0.000331718	0.326309
Ecoli_SRP_IDT2_mod_91nt	110	76	G	5	6	0	0	0.326309
Ecoli_SRP_IDT2_mod_91nt	110	77	A	0	0	0	0	0.326309
Ecoli_SRP_IDT2_mod_91nt	110	78	T	2	0	0.000667705	0.000662969	0.326309
Ecoli_SRP_IDT2_mod_91nt	110	79	G	0	3	0	0	0.326309
Ecoli_SRP_IDT2_mod_91nt	110	80	A	0	0	0	0	0.326309
Ecoli_SRP_IDT2_mod_91nt	110	81	C	3	0	0.00100123	0.000994185	0.326309
Ecoli_SRP_IDT2_mod_91nt	110	82	G	0	0	0	0	0.326309
Ecoli_SRP_IDT2_mod_91nt	110	83	C	1	0	0.000333708	0.000331323	0.326309
Ecoli_SRP_IDT2_mod_91nt	110	84	G	1	2	0	0	0.326309
Ecoli_SRP_IDT2_mod_91nt	110	85	T	6	2	0.00105171	0.00104432	0.326309
Ecoli_SRP_IDT2_mod_91nt	110	86	G	0	2	0	0	0.326309
Ecoli_SRP_IDT2_mod_91nt	110	87	T	3	10	0	0	0.326309
Ecoli_SRP_IDT2_mod_91nt	110	88	G	11	39	0	0	0.326309
Ecoli_SRP_IDT2_mod_91nt	110	89	C	6	20	0	0	0.326309
Ecoli_SRP_IDT2_mod_91nt	110	90	C	41	153	0	0	0.326309
Ecoli_SRP_IDT2_mod_91nt	110	91	G	1197	2267	0	0	0.326309
Ecoli_SRP_IDT2_mod_91nt	110	92	C	6	12	0	0	0.326309
Ecoli_SRP_IDT2_mod_91nt	110	93	T	20	52	0	0	0.326309
Ecoli_SRP_IDT2_mod_91nt	110	94	G	42	60	0	0	0.326309
Ecoli_SRP_IDT2_mod_91nt	110	95	A	0	0	0	0	0.326309
Ecoli_SRP_IDT2_mod_91nt	110	96	C	0	0	0	0	0.326309
Ecoli_SRP_IDT2_mod_91nt	110	97	T	0	0	0	0	0.326309
Ecoli_SRP_IDT2_mod_91nt	110	98	C	0	0	0	0	0.326309
Ecoli_SRP_IDT2_mod_91nt	110	99	G	0	0	0	0	0.326309
Ecoli_SRP_IDT2_mod_91nt	110	100	G	0	0	0	0	0.326309
Ecoli_SRP_IDT2_mod_91nt	110	101	G	0	0	0	0	0.326309
Ecoli_SRP_IDT2_mod_91nt	110	102	C	0	0	0	0	0.326309
Ecoli_SRP_IDT2_mod_91nt	110	103	A	0	0	0	0	0.326309
Ecoli_SRP_IDT2_mod_91nt	110	104	C	0	0	0	0	0.326309
Ecoli_SRP_IDT2_mod_91nt	110	105	C	0	0	0	0	0.326309
Ecoli_SRP_IDT2_mod_91nt	110	106	A	0	0	0	0	0.326309
Ecoli_SRP_IDT2_mod_91nt	110	107	A	0	0	0	0	0.326309
Ecoli_SRP_IDT2_mod_91nt	110	108	G	0	0	0	0	0.326309
Ecoli_SRP_IDT2_mod_91nt	110	109	G	0	0	0	0	0.326309
