sequence	rt_start	five_prime_offset	nucleotide	treated_mods	untreated_mods	beta	theta	c
Ecoli_SRP_IDT2_mod_67nt	86	0	*	5278	5308	-	-	0.157566
Ecoli_SRP_IDT2_mod_67nt	86	1	A	295	122	0.198935	0.200945	0.157566
Ecoli_SRP_IDT2_mod_67nt	86	2	T	52	26	0.0287267	0.028627	0.157566
Ecoli_SRP_IDT2_mod_67nt	86	3	C	5	1	0.00449988	0.00447574	0.157566
Ecoli_SRP_IDT2_mod_67nt	86	4	G	3	3	0	0	0.157566
Ecoli_SRP_IDT2_mod_67nt	86	5	G	0	2	0	0	0.157566
Ecoli_SRP_IDT2_mod_67nt	86	6	G	17	11	0.00638936	0.00635602	0.157566
Ecoli_SRP_IDT2_mod_67nt	86	7	G	11	4	0.00774693	0.00770733	0.157566
Ecoli_SRP_IDT2_mod_67nt	86	8	G	18	18	0	0	0.157566
Ecoli_SRP_IDT2_mod_67nt	86	9	C	11	9	0.00190552	0.00189491	0.157566
Ecoli_SRP_IDT2_mod_67nt	86	10	T	25	14	0.0117574	0.0117009	0.157566
Ecoli_SRP_IDT2_mod_67nt	86	11	C	48	20	0.0302215	0.0301202	0.157566
Ecoli_SRP_IDT2_mod_67nt	86	12	T	24	5	0.0207328	0.0206478	0.157566
Ecoli_SRP_IDT2_mod_67nt	86	13	G	14	7	0.00736326	0.0073254	0.157566
Ecoli_SRP_IDT2_mod_67nt	86	14	T	43	9	0.0366914	0.0365869	0.157566
Ecoli_SRP_IDT2_mod_67nt	86	15	T	44	12	0.0340234	0.0339194	0.157566
Ecoli_SRP_IDT2_mod_67nt	86	16	G	14	5	0.00942581	0.00937885	0.157566
Ecoli_SRP_IDT2_mod_67nt	86	17	G	867	785	0.0340463	0.0339423	0.157566
Ecoli_SRP_IDT2_mod_67nt	86	18	T	176	86	0.0776475	0.0776771	0.157566
Ecoli_SRP_IDT2_mod_67nt	86	19	T	20	6	0.0124054	0.0123465	0.157566
Ecoli_SRP_IDT2_mod_67nt	86	20	C	3	5	0	0	0.157566
Ecoli_SRP_IDT2_mod_67nt	86	21	T	8	2	0.00534546	0.00531713	0.157566
Ecoli_SRP_IDT2_mod_67nt	86	22	C	8	9	0	0	0.157566
Ecoli_SRP_IDT2_mod_67nt	86	23	C	16	14	0.000807409	0.000802845	0.157566
Ecoli_SRP_IDT2_mod_67nt	86	24	C	43	21	0.0184207	0.0183419	0.157566
Ecoli_SRP_IDT2_mod_67nt	86	25	G	19	16	0.00151309	0.00150462	0.157566
Ecoli_SRP_IDT2_mod_67nt	86	26	C	56	49	0.00262449	0.00261002	0.157566
Ecoli_SRP_IDT2_mod_67nt	86	27	A	34	10	0.0206736	0.0205888	0.157566
Ecoli_SRP_IDT2_mod_67nt	86	28	A	16	10	0.00456735	0.00454287	0.157566
Ecoli_SRP_IDT2_mod_67nt	86	29	C	55	19	0.030338	0.0302365	0.157566
Ecoli_SRP_IDT2_mod_67nt	86	30	G	4	3	0.000636617	0.00063301	0.157566
Ecoli_SRP_IDT2_mod_67nt	86	31	C	131	51	0.0652771	0.0652381	0.157566
Ecoli_SRP_IDT2_mod_67nt	86	32	T	157	43	0.0930125	0.0931613	0.157566
Ecoli_SRP_IDT2_mod_67nt	86	33	A	14	7	0.00521761	0.00518991	0.157566
Ecoli_SRP_IDT2_mod_67nt	86	34	C	10	5	0.00371804	0.00369786	0.157566
Ecoli_SRP_IDT2_mod_67nt	86	35	T	18	7	0.00856759	0.00852434	0.157566
Ecoli_SRP_IDT2_mod_67nt	86	36	C	30	16	0.0101107	0.0100609	0.157566
Ecoli_SRP_IDT2_mod_67nt	86	37	T	59	16	0.0342186	0.0341145	0.157566
Ecoli_SRP_IDT2_mod_67nt	86	38	G	36	12	0.0186282	0.0185488	0.157566
Ecoli_SRP_IDT2_mod_67nt	86	39	T	5	5	0	0	0.157566
Ecoli_SRP_IDT2_mod_67nt	86	40	T	36	7	0.0231876	0.023097	0.157566
Ecoli_SRP_IDT2_mod_67nt	86	41	T	96	35	0.0458232	0.0457256	0.157566
Ecoli_SRP_IDT2_mod_67nt	86	42	A	35	15	0.0144582	0.0143919	0.157566
Ecoli_SRP_IDT2_mod_67nt	86	43	C	4	9	0	0	0.157566
Ecoli_SRP_IDT2_mod_67nt	86	44	C	30	16	0.00939975	0.00935291	0.157566
Ecoli_SRP_IDT2_mod_67nt	86	45	A	3	3	0	0	0.157566
Ecoli_SRP_IDT2_mod_67nt	86	46	G	12	4	0.00597473	0.00594336	0.157566
Ecoli_SRP_IDT2_mod_67nt	86	47	G	57	18	0.0290839	0.0289837	0.157566
Ecoli_SRP_IDT2_mod_67nt	86	48	T	6	5	0.000172369	0.000171386	0.157566
Ecoli_SRP_IDT2_mod_67nt	86	49	C	23	11	0.0082078	0.00816614	0.157566
Ecoli_SRP_IDT2_mod_67nt	86	50	A	2	2	0	0	0.157566
Ecoli_SRP_IDT2_mod_67nt	86	51	G	1	0	0.000798676	0.00079416	0.157566
Ecoli_SRP_IDT2_mod_67nt	86	52	G	2	0	0.00159695	0.00158802	0.157566
Ecoli_SRP_IDT2_mod_67nt	86	53	T	3	0	0.00239453	0.00238129	0.157566
Ecoli_SRP_IDT2_mod_67nt	86	54	C	1	0	0.000798076	0.000793564	0.157566
Ecoli_SRP_IDT2_mod_67nt	86	55	C	1	1	0	0	0.157566
Ecoli_SRP_IDT2_mod_67nt	86	56	G	1	1	0	0	0.157566
Ecoli_SRP_IDT2_mod_67nt	86	57	G	1	1	0	0	0.157566
Ecoli_SRP_IDT2_mod_67nt	86	58	A	0	2	0	0	0.157566
Ecoli_SRP_IDT2_mod_67nt	86	59	A	0	0	0	0	0.157566
Ecoli_SRP_IDT2_mod_67nt	86	60	G	1	0	0.000797677	0.000793167	0.157566
Ecoli_SRP_IDT2_mod_67nt	86	61	G	9	8	0	0	0.157566
Ecoli_SRP_IDT2_mod_67nt	86	62	A	14	11	0.000993577	0.000987975	0.157566
Ecoli_SRP_IDT2_mod_67nt	86	63	A	23	12	0.00720773	0.00717058	0.157566
Ecoli_SRP_IDT2_mod_67nt	86	64	G	2	0	0.00158584	0.00157697	0.157566
Ecoli_SRP_IDT2_mod_67nt	86	65	C	12	9	0.00122837	0.00122147	0.157566
Ecoli_SRP_IDT2_mod_67nt	86	66	A	46	113	0	0	0.157566
Ecoli_SRP_IDT2_mod_67nt	86	67	G	1251	2437	0	0	0.157566
Ecoli_SRP_IDT2_mod_67nt	86	68	C	10	10	9.61687e-05	9.56198e-05	0.157566
Ecoli_SRP_IDT2_mod_67nt	86	69	T	24	71	0	0	0.157566
Ecoli_SRP_IDT2_mod_67nt	86	70	G	38	67	0	0	0.157566
Ecoli_SRP_IDT2_mod_67nt	86	71	A	0	2	0	0	0.157566
Ecoli_SRP_IDT2_mod_67nt	86	72	C	0	0	0	0	0.157566
Ecoli_SRP_IDT2_mod_67nt	86	73	T	0	0	0	0	0.157566
Ecoli_SRP_IDT2_mod_67nt	86	74	C	0	1	0	0	0.157566
Ecoli_SRP_IDT2_mod_67nt	86	75	G	0	0	0	0	0.157566
Ecoli_SRP_IDT2_mod_67nt	86	76	G	0	0	0	0	0.157566
Ecoli_SRP_IDT2_mod_67nt	86	77	G	0	0	0	0	0.157566
Ecoli_SRP_IDT2_mod_67nt	86	78	C	0	0	0	0	0.157566
Ecoli_SRP_IDT2_mod_67nt	86	79	A	0	0	0	0	0.157566
Ecoli_SRP_IDT2_mod_67nt	86	80	C	0	0	0	0	0.157566
Ecoli_SRP_IDT2_mod_67nt	86	81	C	0	0	0	0	0.157566
Ecoli_SRP_IDT2_mod_67nt	86	82	A	0	0	0	0	0.157566
Ecoli_SRP_IDT2_mod_67nt	86	83	A	0	0	0	0	0.157566
Ecoli_SRP_IDT2_mod_67nt	86	84	G	0	0	0	0	0.157566
Ecoli_SRP_IDT2_mod_67nt	86	85	G	0	0	0	0	0.157566
