sequence	rt_start	five_prime_offset	nucleotide	treated_mods	untreated_mods	beta	theta	c
Ecoli_SRP_IDT2_mod_59nt	78	0	*	6165	6403	-	-	0.141429
Ecoli_SRP_IDT2_mod_59nt	78	1	A	356	140	0.241592	0.244012	0.141429
Ecoli_SRP_IDT2_mod_59nt	78	2	T	53	32	0.0228672	0.0227388	0.141429
Ecoli_SRP_IDT2_mod_59nt	78	3	C	5	3	0.00216557	0.00215028	0.141429
Ecoli_SRP_IDT2_mod_59nt	78	4	G	6	0	0.00648932	0.00644546	0.141429
Ecoli_SRP_IDT2_mod_59nt	78	5	G	1	0	0.00108139	0.00107367	0.141429
Ecoli_SRP_IDT2_mod_59nt	78	6	G	10	7	0.00323006	0.00320749	0.141429
Ecoli_SRP_IDT2_mod_59nt	78	7	G	5	1	0.00431393	0.00428411	0.141429
Ecoli_SRP_IDT2_mod_59nt	78	8	G	32	34	0	0	0.141429
Ecoli_SRP_IDT2_mod_59nt	78	9	C	12	11	0.00104864	0.00104115	0.141429
Ecoli_SRP_IDT2_mod_59nt	78	10	T	21	19	0.00209396	0.00207917	0.141429
Ecoli_SRP_IDT2_mod_59nt	78	11	C	60	21	0.0412428	0.0410644	0.141429
Ecoli_SRP_IDT2_mod_59nt	78	12	T	22	7	0.0157705	0.0156741	0.141429
Ecoli_SRP_IDT2_mod_59nt	78	13	G	19	12	0.00723487	0.00718635	0.141429
Ecoli_SRP_IDT2_mod_59nt	78	14	T	41	12	0.0301932	0.0300392	0.141429
Ecoli_SRP_IDT2_mod_59nt	78	15	T	25	10	0.0154696	0.0153748	0.141429
Ecoli_SRP_IDT2_mod_59nt	78	16	G	13	10	0.00293342	0.00291286	0.141429
Ecoli_SRP_IDT2_mod_59nt	78	17	G	1052	861	0.157912	0.158538	0.141429
Ecoli_SRP_IDT2_mod_59nt	78	18	T	170	82	0.0746751	0.074528	0.141429
Ecoli_SRP_IDT2_mod_59nt	78	19	T	20	5	0.012977	0.0128952	0.141429
Ecoli_SRP_IDT2_mod_59nt	78	20	C	3	5	0	0	0.141429
Ecoli_SRP_IDT2_mod_59nt	78	21	T	5	3	0.00161635	0.00160488	0.141429
Ecoli_SRP_IDT2_mod_59nt	78	22	C	12	8	0.00313101	0.00310912	0.141429
Ecoli_SRP_IDT2_mod_59nt	78	23	C	20	10	0.00828124	0.00822631	0.141429
Ecoli_SRP_IDT2_mod_59nt	78	24	C	30	15	0.0123601	0.0122816	0.141429
Ecoli_SRP_IDT2_mod_59nt	78	25	G	14	12	0.00113678	0.00112867	0.141429
Ecoli_SRP_IDT2_mod_59nt	78	26	C	47	33	0.010469	0.0104011	0.141429
Ecoli_SRP_IDT2_mod_59nt	78	27	A	46	21	0.0204625	0.0203442	0.141429
Ecoli_SRP_IDT2_mod_59nt	78	28	A	17	8	0.00730778	0.00725881	0.141429
Ecoli_SRP_IDT2_mod_59nt	78	29	C	44	15	0.0239874	0.0238546	0.141429
Ecoli_SRP_IDT2_mod_59nt	78	30	G	7	0	0.00598274	0.0059421	0.141429
Ecoli_SRP_IDT2_mod_59nt	78	31	C	97	44	0.0422365	0.0420568	0.141429
Ecoli_SRP_IDT2_mod_59nt	78	32	T	84	29	0.0441957	0.0440137	0.141429
Ecoli_SRP_IDT2_mod_59nt	78	33	A	12	3	0.00731394	0.00726493	0.141429
Ecoli_SRP_IDT2_mod_59nt	78	34	C	14	5	0.00716152	0.00711346	0.141429
Ecoli_SRP_IDT2_mod_59nt	78	35	T	8	4	0.00305404	0.00303267	0.141429
Ecoli_SRP_IDT2_mod_59nt	78	36	C	18	4	0.0113604	0.0112875	0.141429
Ecoli_SRP_IDT2_mod_59nt	78	37	T	35	13	0.0172933	0.0171894	0.141429
Ecoli_SRP_IDT2_mod_59nt	78	38	G	29	7	0.0176448	0.0175393	0.141429
Ecoli_SRP_IDT2_mod_59nt	78	39	T	7	2	0.00397263	0.00394509	0.141429
Ecoli_SRP_IDT2_mod_59nt	78	40	T	28	2	0.0212193	0.0210978	0.141429
Ecoli_SRP_IDT2_mod_59nt	78	41	T	26	14	0.00874338	0.00868566	0.141429
Ecoli_SRP_IDT2_mod_59nt	78	42	A	7	0	0.00573169	0.00569265	0.141429
Ecoli_SRP_IDT2_mod_59nt	78	43	C	0	0	0	0	0.141429
Ecoli_SRP_IDT2_mod_59nt	78	44	C	2	3	0	0	0.141429
Ecoli_SRP_IDT2_mod_59nt	78	45	A	0	2	0	0	0.141429
Ecoli_SRP_IDT2_mod_59nt	78	46	G	1	1	0	0	0.141429
Ecoli_SRP_IDT2_mod_59nt	78	47	G	15	1	0.0113606	0.0112877	0.141429
Ecoli_SRP_IDT2_mod_59nt	78	48	T	3	1	0.00155317	0.00154214	0.141429
Ecoli_SRP_IDT2_mod_59nt	78	49	C	1	0	0.000816746	0.000810903	0.141429
Ecoli_SRP_IDT2_mod_59nt	78	50	A	0	0	0	0	0.141429
Ecoli_SRP_IDT2_mod_59nt	78	51	G	0	0	0	0	0.141429
Ecoli_SRP_IDT2_mod_59nt	78	52	G	14	7	0.00514337	0.00510813	0.141429
Ecoli_SRP_IDT2_mod_59nt	78	53	T	13	15	0	0	0.141429
Ecoli_SRP_IDT2_mod_59nt	78	54	C	2	1	0.000733218	0.000727969	0.141429
Ecoli_SRP_IDT2_mod_59nt	78	55	C	15	26	0	0	0.141429
Ecoli_SRP_IDT2_mod_59nt	78	56	G	6	6	0	0	0.141429
Ecoli_SRP_IDT2_mod_59nt	78	57	G	52	177	0	0	0.141429
Ecoli_SRP_IDT2_mod_59nt	78	58	A	6770	23541	0	0	0.141429
Ecoli_SRP_IDT2_mod_59nt	78	59	A	1298	2421	0.0453316	0.0451485	0.141429
Ecoli_SRP_IDT2_mod_59nt	78	60	C	13	16	0.0021412	0.00212608	0.141429
Ecoli_SRP_IDT2_mod_59nt	78	61	T	18	69	0	0	0.141429
Ecoli_SRP_IDT2_mod_59nt	78	62	G	42	61	0.00496758	0.00493348	0.141429
Ecoli_SRP_IDT2_mod_59nt	78	63	A	0	1	0	0	0.141429
Ecoli_SRP_IDT2_mod_59nt	78	64	C	0	0	0	0	0.141429
Ecoli_SRP_IDT2_mod_59nt	78	65	T	0	0	0	0	0.141429
Ecoli_SRP_IDT2_mod_59nt	78	66	C	0	0	0	0	0.141429
Ecoli_SRP_IDT2_mod_59nt	78	67	G	0	0	0	0	0.141429
Ecoli_SRP_IDT2_mod_59nt	78	68	G	0	0	0	0	0.141429
Ecoli_SRP_IDT2_mod_59nt	78	69	G	0	0	0	0	0.141429
Ecoli_SRP_IDT2_mod_59nt	78	70	C	0	0	0	0	0.141429
Ecoli_SRP_IDT2_mod_59nt	78	71	A	0	0	0	0	0.141429
Ecoli_SRP_IDT2_mod_59nt	78	72	C	0	0	0	0	0.141429
Ecoli_SRP_IDT2_mod_59nt	78	73	C	0	0	0	0	0.141429
Ecoli_SRP_IDT2_mod_59nt	78	74	A	0	0	0	0	0.141429
Ecoli_SRP_IDT2_mod_59nt	78	75	A	0	0	0	0	0.141429
Ecoli_SRP_IDT2_mod_59nt	78	76	G	0	0	0	0	0.141429
Ecoli_SRP_IDT2_mod_59nt	78	77	G	0	0	0	0	0.141429
