sequence	rt_start	five_prime_offset	nucleotide	treated_mods	untreated_mods	beta	theta	c
Ecoli_SRP_IDT2_mod_102nt	121	0	*	8594	8395	-	-	0.167075
Ecoli_SRP_IDT2_mod_102nt	121	1	A	430	160	0.177428	0.179224	0.167075
Ecoli_SRP_IDT2_mod_102nt	121	2	T	114	30	0.0542052	0.0541868	0.167075
Ecoli_SRP_IDT2_mod_102nt	121	3	C	8	9	0	0	0.167075
Ecoli_SRP_IDT2_mod_102nt	121	4	G	6	4	0.00114551	0.00114007	0.167075
Ecoli_SRP_IDT2_mod_102nt	121	5	G	1	0	0.000657108	0.000653956	0.167075
Ecoli_SRP_IDT2_mod_102nt	121	6	G	19	9	0.00617651	0.00614971	0.167075
Ecoli_SRP_IDT2_mod_102nt	121	7	G	14	10	0.00218919	0.00217896	0.167075
Ecoli_SRP_IDT2_mod_102nt	121	8	G	49	27	0.0131669	0.0131174	0.167075
Ecoli_SRP_IDT2_mod_102nt	121	9	C	15	18	0	0	0.167075
Ecoli_SRP_IDT2_mod_102nt	121	10	T	61	35	0.0152602	0.0152054	0.167075
Ecoli_SRP_IDT2_mod_102nt	121	11	C	107	50	0.034147	0.0340781	0.167075
Ecoli_SRP_IDT2_mod_102nt	121	12	T	59	21	0.023094	0.0230262	0.167075
Ecoli_SRP_IDT2_mod_102nt	121	13	G	16	7	0.00534353	0.00531997	0.167075
Ecoli_SRP_IDT2_mod_102nt	121	14	T	99	17	0.0505446	0.0505119	0.167075
Ecoli_SRP_IDT2_mod_102nt	121	15	T	75	13	0.0378385	0.0377739	0.167075
Ecoli_SRP_IDT2_mod_102nt	121	16	G	31	21	0.00492679	0.0049049	0.167075
Ecoli_SRP_IDT2_mod_102nt	121	17	G	1428	1247	0.0312443	0.0311738	0.167075
Ecoli_SRP_IDT2_mod_102nt	121	18	T	287	138	0.0709188	0.0709941	0.167075
Ecoli_SRP_IDT2_mod_102nt	121	19	T	36	11	0.012453	0.0124055	0.167075
Ecoli_SRP_IDT2_mod_102nt	121	20	C	7	7	0	0	0.167075
Ecoli_SRP_IDT2_mod_102nt	121	21	T	10	6	0.00172068	0.00171257	0.167075
Ecoli_SRP_IDT2_mod_102nt	121	22	C	23	11	0.00558942	0.00556489	0.167075
Ecoli_SRP_IDT2_mod_102nt	121	23	C	46	30	0.00644495	0.00641713	0.167075
Ecoli_SRP_IDT2_mod_102nt	121	24	C	64	41	0.00932161	0.00928358	0.167075
Ecoli_SRP_IDT2_mod_102nt	121	25	G	50	37	0.00433823	0.00431874	0.167075
Ecoli_SRP_IDT2_mod_102nt	121	26	C	116	63	0.0230665	0.0229987	0.167075
Ecoli_SRP_IDT2_mod_102nt	121	27	A	62	25	0.0171708	0.017112	0.167075
Ecoli_SRP_IDT2_mod_102nt	121	28	A	15	4	0.0053174	0.00529394	0.167075
Ecoli_SRP_IDT2_mod_102nt	121	29	C	75	41	0.0143944	0.0143418	0.167075
Ecoli_SRP_IDT2_mod_102nt	121	30	G	13	2	0.00540816	0.00538434	0.167075
Ecoli_SRP_IDT2_mod_102nt	121	31	C	176	100	0.0309329	0.0308623	0.167075
Ecoli_SRP_IDT2_mod_102nt	121	32	T	141	46	0.0434182	0.0433643	0.167075
Ecoli_SRP_IDT2_mod_102nt	121	33	A	21	11	0.00408518	0.00406674	0.167075
Ecoli_SRP_IDT2_mod_102nt	121	34	C	16	12	0.00106331	0.00105825	0.167075
Ecoli_SRP_IDT2_mod_102nt	121	35	T	21	12	0.00350423	0.00348825	0.167075
Ecoli_SRP_IDT2_mod_102nt	121	36	C	37	27	0.00285701	0.00284383	0.167075
Ecoli_SRP_IDT2_mod_102nt	121	37	T	42	19	0.00975131	0.00971188	0.167075
Ecoli_SRP_IDT2_mod_102nt	121	38	G	50	33	0.00573849	0.00571338	0.167075
Ecoli_SRP_IDT2_mod_102nt	121	39	T	8	5	0.00107132	0.00106622	0.167075
Ecoli_SRP_IDT2_mod_102nt	121	40	T	52	9	0.0200198	0.0199559	0.167075
Ecoli_SRP_IDT2_mod_102nt	121	41	T	205	53	0.0679533	0.0680085	0.167075
Ecoli_SRP_IDT2_mod_102nt	121	42	A	68	16	0.0231849	0.023117	0.167075
Ecoli_SRP_IDT2_mod_102nt	121	43	C	31	25	0.000720945	0.000717491	0.167075
Ecoli_SRP_IDT2_mod_102nt	121	44	C	109	58	0.0189335	0.0188714	0.167075
Ecoli_SRP_IDT2_mod_102nt	121	45	A	21	3	0.00811945	0.00808552	0.167075
Ecoli_SRP_IDT2_mod_102nt	121	46	G	23	11	0.0046324	0.0046117	0.167075
Ecoli_SRP_IDT2_mod_102nt	121	47	G	56	30	0.00945602	0.00941756	0.167075
Ecoli_SRP_IDT2_mod_102nt	121	48	T	12	15	0	0	0.167075
Ecoli_SRP_IDT2_mod_102nt	121	49	C	51	30	0.0070911	0.00706086	0.167075
Ecoli_SRP_IDT2_mod_102nt	121	50	A	12	5	0.00278669	0.00277381	0.167075
Ecoli_SRP_IDT2_mod_102nt	121	51	G	6	2	0.00166511	0.00165726	0.167075
Ecoli_SRP_IDT2_mod_102nt	121	52	G	19	13	0.00162801	0.00162034	0.167075
Ecoli_SRP_IDT2_mod_102nt	121	53	T	1	5	0	0	0.167075
Ecoli_SRP_IDT2_mod_102nt	121	54	C	16	3	0.00569852	0.00567356	0.167075
Ecoli_SRP_IDT2_mod_102nt	121	55	C	29	15	0.00510113	0.00507854	0.167075
Ecoli_SRP_IDT2_mod_102nt	121	56	G	13	8	0.0015874	0.00157991	0.167075
Ecoli_SRP_IDT2_mod_102nt	121	57	G	60	20	0.0164532	0.0163959	0.167075
Ecoli_SRP_IDT2_mod_102nt	121	58	A	24	19	0.00059455	0.000591695	0.167075
Ecoli_SRP_IDT2_mod_102nt	121	59	A	16	2	0.00617107	0.00614429	0.167075
Ecoli_SRP_IDT2_mod_102nt	121	60	G	7	12	0	0	0.167075
Ecoli_SRP_IDT2_mod_102nt	121	61	G	43	29	0.00377048	0.00375337	0.167075
Ecoli_SRP_IDT2_mod_102nt	121	62	A	20	12	0.00254911	0.00253728	0.167075
Ecoli_SRP_IDT2_mod_102nt	121	63	A	10	3	0.00288942	0.00287609	0.167075
Ecoli_SRP_IDT2_mod_102nt	121	64	G	21	25	0	0	0.167075
Ecoli_SRP_IDT2_mod_102nt	121	65	C	43	22	0.00748534	0.00745366	0.167075
Ecoli_SRP_IDT2_mod_102nt	121	66	A	41	17	0.00923068	0.00919295	0.167075
Ecoli_SRP_IDT2_mod_102nt	121	67	G	33	30	0	0	0.167075
Ecoli_SRP_IDT2_mod_102nt	121	68	C	11	11	0	0	0.167075
Ecoli_SRP_IDT2_mod_102nt	121	69	C	19	21	0	0	0.167075
Ecoli_SRP_IDT2_mod_102nt	121	70	A	8	7	0	0	0.167075
Ecoli_SRP_IDT2_mod_102nt	121	71	A	15	12	0.00027603	0.000274697	0.167075
Ecoli_SRP_IDT2_mod_102nt	121	72	G	13	6	0.00257905	0.00256709	0.167075
Ecoli_SRP_IDT2_mod_102nt	121	73	G	23	12	0.00381726	0.00379994	0.167075
Ecoli_SRP_IDT2_mod_102nt	121	74	C	48	38	0.00106716	0.00106208	0.167075
Ecoli_SRP_IDT2_mod_102nt	121	75	A	4	2	0.000706493	0.000703107	0.167075
Ecoli_SRP_IDT2_mod_102nt	121	76	G	51	60	0	0	0.167075
Ecoli_SRP_IDT2_mod_102nt	121	77	A	5	5	0	0	0.167075
Ecoli_SRP_IDT2_mod_102nt	121	78	T	4	0	0.00175799	0.00174971	0.167075
Ecoli_SRP_IDT2_mod_102nt	121	79	G	20	12	0.00246635	0.00245489	0.167075
Ecoli_SRP_IDT2_mod_102nt	121	80	A	6	5	2.57089e-06	2.55842e-06	0.167075
Ecoli_SRP_IDT2_mod_102nt	121	81	C	29	17	0.00377326	0.00375613	0.167075
Ecoli_SRP_IDT2_mod_102nt	121	82	G	14	8	0.00192555	0.00191652	0.167075
Ecoli_SRP_IDT2_mod_102nt	121	83	C	30	20	0.00261834	0.00260621	0.167075
Ecoli_SRP_IDT2_mod_102nt	121	84	G	22	9	0.00487731	0.00485562	0.167075
Ecoli_SRP_IDT2_mod_102nt	121	85	T	7	5	0.000432241	0.000430159	0.167075
Ecoli_SRP_IDT2_mod_102nt	121	86	G	28	13	0.00537959	0.00535588	0.167075
Ecoli_SRP_IDT2_mod_102nt	121	87	T	13	8	0.00146695	0.00146001	0.167075
Ecoli_SRP_IDT2_mod_102nt	121	88	G	14	7	0.00241985	0.00240859	0.167075
Ecoli_SRP_IDT2_mod_102nt	121	89	C	2	1	0.000345433	0.000343767	0.167075
Ecoli_SRP_IDT2_mod_102nt	121	90	C	2	3	0	0	0.167075
Ecoli_SRP_IDT2_mod_102nt	121	91	G	0	0	0	0	0.167075
Ecoli_SRP_IDT2_mod_102nt	121	92	G	1	0	0.000433541	0.000431453	0.167075
Ecoli_SRP_IDT2_mod_102nt	121	93	G	4	20	0	0	0.167075
Ecoli_SRP_IDT2_mod_102nt	121	94	A	0	1	0	0	0.167075
Ecoli_SRP_IDT2_mod_102nt	121	95	T	1	2	0	0	0.167075
Ecoli_SRP_IDT2_mod_102nt	121	96	G	11	18	0	0	0.167075
Ecoli_SRP_IDT2_mod_102nt	121	97	T	37	43	0	0	0.167075
Ecoli_SRP_IDT2_mod_102nt	121	98	A	59	65	0	0	0.167075
Ecoli_SRP_IDT2_mod_102nt	121	99	G	5	16	0	0	0.167075
Ecoli_SRP_IDT2_mod_102nt	121	100	C	8	64	0	0	0.167075
Ecoli_SRP_IDT2_mod_102nt	121	101	T	37	163	0	0	0.167075
Ecoli_SRP_IDT2_mod_102nt	121	102	G	1243	2385	0	0	0.167075
Ecoli_SRP_IDT2_mod_102nt	121	103	C	7	12	0	0	0.167075
Ecoli_SRP_IDT2_mod_102nt	121	104	T	12	60	0	0	0.167075
Ecoli_SRP_IDT2_mod_102nt	121	105	G	29	70	0	0	0.167075
Ecoli_SRP_IDT2_mod_102nt	121	106	A	0	1	0	0	0.167075
Ecoli_SRP_IDT2_mod_102nt	121	107	C	0	0	0	0	0.167075
Ecoli_SRP_IDT2_mod_102nt	121	108	T	0	0	0	0	0.167075
Ecoli_SRP_IDT2_mod_102nt	121	109	C	0	0	0	0	0.167075
Ecoli_SRP_IDT2_mod_102nt	121	110	G	0	0	0	0	0.167075
Ecoli_SRP_IDT2_mod_102nt	121	111	G	0	0	0	0	0.167075
Ecoli_SRP_IDT2_mod_102nt	121	112	G	0	0	0	0	0.167075
Ecoli_SRP_IDT2_mod_102nt	121	113	C	0	0	0	0	0.167075
Ecoli_SRP_IDT2_mod_102nt	121	114	A	0	0	0	0	0.167075
Ecoli_SRP_IDT2_mod_102nt	121	115	C	0	0	0	0	0.167075
Ecoli_SRP_IDT2_mod_102nt	121	116	C	0	0	0	0	0.167075
Ecoli_SRP_IDT2_mod_102nt	121	117	A	0	0	0	0	0.167075
Ecoli_SRP_IDT2_mod_102nt	121	118	A	0	0	0	0	0.167075
Ecoli_SRP_IDT2_mod_102nt	121	119	G	0	0	0	0	0.167075
Ecoli_SRP_IDT2_mod_102nt	121	120	G	0	0	0	0	0.167075
