sequence	rt_start	five_prime_offset	nucleotide	treated_mods	untreated_mods	beta	theta	c
Ecoli_SRP_IDT2_mod_100nt	119	0	*	912	822	-	-	0.321383
Ecoli_SRP_IDT2_mod_100nt	119	1	A	70	20	0.15278	0.155303	0.321383
Ecoli_SRP_IDT2_mod_100nt	119	2	T	17	3	0.0424096	0.0423385	0.321383
Ecoli_SRP_IDT2_mod_100nt	119	3	C	1	2	0	0	0.321383
Ecoli_SRP_IDT2_mod_100nt	119	4	G	3	1	0.00569215	0.00564924	0.321383
Ecoli_SRP_IDT2_mod_100nt	119	5	G	0	0	0	0	0.321383
Ecoli_SRP_IDT2_mod_100nt	119	6	G	1	2	0	0	0.321383
Ecoli_SRP_IDT2_mod_100nt	119	7	G	4	3	0.00142105	0.00140938	0.321383
Ecoli_SRP_IDT2_mod_100nt	119	8	G	12	5	0.0187404	0.0186379	0.321383
Ecoli_SRP_IDT2_mod_100nt	119	9	C	5	6	0	0	0.321383
Ecoli_SRP_IDT2_mod_100nt	119	10	T	8	6	0.00267916	0.00265769	0.321383
Ecoli_SRP_IDT2_mod_100nt	119	11	C	19	9	0.0247994	0.0246878	0.321383
Ecoli_SRP_IDT2_mod_100nt	119	12	T	7	1	0.017196	0.0170978	0.321383
Ecoli_SRP_IDT2_mod_100nt	119	13	G	9	2	0.0193723	0.0192684	0.321383
Ecoli_SRP_IDT2_mod_100nt	119	14	T	16	9	0.0147697	0.0146797	0.321383
Ecoli_SRP_IDT2_mod_100nt	119	15	T	24	3	0.057635	0.0576799	0.321383
Ecoli_SRP_IDT2_mod_100nt	119	16	G	4	2	0.00429294	0.00425962	0.321383
Ecoli_SRP_IDT2_mod_100nt	119	17	G	167	100	0.105238	0.10614	0.321383
Ecoli_SRP_IDT2_mod_100nt	119	18	T	34	12	0.0444305	0.0443704	0.321383
Ecoli_SRP_IDT2_mod_100nt	119	19	T	9	6	0.00281171	0.00278923	0.321383
Ecoli_SRP_IDT2_mod_100nt	119	20	C	8	5	0.00349493	0.00346736	0.321383
Ecoli_SRP_IDT2_mod_100nt	119	21	T	6	9	0	0	0.321383
Ecoli_SRP_IDT2_mod_100nt	119	22	C	7	3	0.00724615	0.0071933	0.321383
Ecoli_SRP_IDT2_mod_100nt	119	23	C	14	5	0.0173133	0.0172147	0.321383
Ecoli_SRP_IDT2_mod_100nt	119	24	C	23	9	0.025494	0.0253821	0.321383
Ecoli_SRP_IDT2_mod_100nt	119	25	G	8	1	0.0151011	0.0150098	0.321383
Ecoli_SRP_IDT2_mod_100nt	119	26	C	17	7	0.017223	0.0171247	0.321383
Ecoli_SRP_IDT2_mod_100nt	119	27	A	17	10	0.00807056	0.00801276	0.321383
Ecoli_SRP_IDT2_mod_100nt	119	28	A	5	0	0.0109952	0.0109216	0.321383
Ecoli_SRP_IDT2_mod_100nt	119	29	C	20	9	0.0171717	0.0170735	0.321383
Ecoli_SRP_IDT2_mod_100nt	119	30	G	0	0	0	0	0.321383
Ecoli_SRP_IDT2_mod_100nt	119	31	C	29	11	0.0300878	0.0299779	0.321383
Ecoli_SRP_IDT2_mod_100nt	119	32	T	21	12	0.00973783	0.00967066	0.321383
Ecoli_SRP_IDT2_mod_100nt	119	33	A	6	2	0.0068184	0.00676821	0.321383
Ecoli_SRP_IDT2_mod_100nt	119	34	C	3	0	0.00625107	0.0062045	0.321383
Ecoli_SRP_IDT2_mod_100nt	119	35	T	10	4	0.00933268	0.0092677	0.321383
Ecoli_SRP_IDT2_mod_100nt	119	36	C	6	3	0.00385391	0.00382373	0.321383
Ecoli_SRP_IDT2_mod_100nt	119	37	T	15	9	0.00529279	0.00525255	0.321383
Ecoli_SRP_IDT2_mod_100nt	119	38	G	16	7	0.0127973	0.0127153	0.321383
Ecoli_SRP_IDT2_mod_100nt	119	39	T	1	3	0	0	0.321383
Ecoli_SRP_IDT2_mod_100nt	119	40	T	13	6	0.00940658	0.0093412	0.321383
Ecoli_SRP_IDT2_mod_100nt	119	41	T	39	13	0.040948	0.0408697	0.321383
Ecoli_SRP_IDT2_mod_100nt	119	42	A	13	4	0.0142942	0.014206	0.321383
Ecoli_SRP_IDT2_mod_100nt	119	43	C	5	0	0.00966144	0.00959468	0.321383
Ecoli_SRP_IDT2_mod_100nt	119	44	C	30	10	0.0300314	0.0299213	0.321383
Ecoli_SRP_IDT2_mod_100nt	119	45	A	12	1	0.0199079	0.0198028	0.321383
Ecoli_SRP_IDT2_mod_100nt	119	46	G	2	3	0	0	0.321383
Ecoli_SRP_IDT2_mod_100nt	119	47	G	12	7	0.00361338	0.00358495	0.321383
Ecoli_SRP_IDT2_mod_100nt	119	48	T	6	2	0.00580857	0.00576489	0.321383
Ecoli_SRP_IDT2_mod_100nt	119	49	C	9	8	0	0	0.321383
Ecoli_SRP_IDT2_mod_100nt	119	50	A	7	3	0.00494064	0.00490281	0.321383
Ecoli_SRP_IDT2_mod_100nt	119	51	G	3	2	0.000212124	0.000210341	0.321383
Ecoli_SRP_IDT2_mod_100nt	119	52	G	7	5	0	0	0.321383
Ecoli_SRP_IDT2_mod_100nt	119	53	T	2	2	0	0	0.321383
Ecoli_SRP_IDT2_mod_100nt	119	54	C	7	2	0.00750668	0.00745225	0.321383
Ecoli_SRP_IDT2_mod_100nt	119	55	C	19	1	0.0316599	0.0315521	0.321383
Ecoli_SRP_IDT2_mod_100nt	119	56	G	5	1	0.00636647	0.00631915	0.321383
Ecoli_SRP_IDT2_mod_100nt	119	57	G	18	7	0.0138143	0.013728	0.321383
Ecoli_SRP_IDT2_mod_100nt	119	58	A	9	8	0	0	0.321383
Ecoli_SRP_IDT2_mod_100nt	119	59	A	3	1	0.0027104	0.00268869	0.321383
Ecoli_SRP_IDT2_mod_100nt	119	60	G	1	1	0	0	0.321383
Ecoli_SRP_IDT2_mod_100nt	119	61	G	10	11	0	0	0.321383
Ecoli_SRP_IDT2_mod_100nt	119	62	A	8	7	0	0	0.321383
Ecoli_SRP_IDT2_mod_100nt	119	63	A	4	3	0	0	0.321383
Ecoli_SRP_IDT2_mod_100nt	119	64	G	8	5	0.00121107	0.00120108	0.321383
Ecoli_SRP_IDT2_mod_100nt	119	65	C	12	5	0.00810258	0.00804459	0.321383
Ecoli_SRP_IDT2_mod_100nt	119	66	A	6	7	0	0	0.321383
Ecoli_SRP_IDT2_mod_100nt	119	67	G	11	12	0	0	0.321383
Ecoli_SRP_IDT2_mod_100nt	119	68	C	4	2	0.00185535	0.00184024	0.321383
Ecoli_SRP_IDT2_mod_100nt	119	69	C	12	4	0.0104621	0.0103911	0.321383
Ecoli_SRP_IDT2_mod_100nt	119	70	A	11	0	0.0185383	0.0184364	0.321383
Ecoli_SRP_IDT2_mod_100nt	119	71	A	5	3	0.000987763	0.000979581	0.321383
Ecoli_SRP_IDT2_mod_100nt	119	72	G	3	1	0.00256541	0.0025448	0.321383
Ecoli_SRP_IDT2_mod_100nt	119	73	G	9	7	0	0	0.321383
Ecoli_SRP_IDT2_mod_100nt	119	74	C	8	13	0	0	0.321383
Ecoli_SRP_IDT2_mod_100nt	119	75	A	1	0	0.0016621	0.00164851	0.321383
Ecoli_SRP_IDT2_mod_100nt	119	76	G	13	13	0	0	0.321383
Ecoli_SRP_IDT2_mod_100nt	119	77	A	1	1	0	0	0.321383
Ecoli_SRP_IDT2_mod_100nt	119	78	T	2	0	0.00329626	0.00327016	0.321383
Ecoli_SRP_IDT2_mod_100nt	119	79	G	4	1	0.00417727	0.00414477	0.321383
Ecoli_SRP_IDT2_mod_100nt	119	80	A	4	0	0.00656493	0.00651634	0.321383
Ecoli_SRP_IDT2_mod_100nt	119	81	C	6	10	0	0	0.321383
Ecoli_SRP_IDT2_mod_100nt	119	82	G	4	3	0	0	0.321383
Ecoli_SRP_IDT2_mod_100nt	119	83	C	2	1	0.000883559	0.000876226	0.321383
Ecoli_SRP_IDT2_mod_100nt	119	84	G	5	1	0.00576091	0.00571754	0.321383
Ecoli_SRP_IDT2_mod_100nt	119	85	T	1	3	0	0	0.321383
Ecoli_SRP_IDT2_mod_100nt	119	86	G	3	0	0.00487021	0.00483286	0.321383
Ecoli_SRP_IDT2_mod_100nt	119	87	T	1	1	0	0	0.321383
Ecoli_SRP_IDT2_mod_100nt	119	88	G	2	0	0.00324177	0.00321608	0.321383
Ecoli_SRP_IDT2_mod_100nt	119	89	C	0	0	0	0	0.321383
Ecoli_SRP_IDT2_mod_100nt	119	90	C	1	0	0.00162005	0.00160679	0.321383
Ecoli_SRP_IDT2_mod_100nt	119	91	G	1	0	0.00161921	0.00160596	0.321383
Ecoli_SRP_IDT2_mod_100nt	119	92	G	0	2	0	0	0.321383
Ecoli_SRP_IDT2_mod_100nt	119	93	G	5	13	0	0	0.321383
Ecoli_SRP_IDT2_mod_100nt	119	94	A	1	8	0	0	0.321383
Ecoli_SRP_IDT2_mod_100nt	119	95	T	10	15	0	0	0.321383
Ecoli_SRP_IDT2_mod_100nt	119	96	G	70	231	0	0	0.321383
Ecoli_SRP_IDT2_mod_100nt	119	97	T	0	5	0	0	0.321383
Ecoli_SRP_IDT2_mod_100nt	119	98	A	15	18	0	0	0.321383
Ecoli_SRP_IDT2_mod_100nt	119	99	G	41	147	0	0	0.321383
Ecoli_SRP_IDT2_mod_100nt	119	100	C	1190	2305	0	0	0.321383
Ecoli_SRP_IDT2_mod_100nt	119	101	C	4	16	0	0	0.321383
Ecoli_SRP_IDT2_mod_100nt	119	102	T	17	75	0	0	0.321383
Ecoli_SRP_IDT2_mod_100nt	119	103	G	25	66	0	0	0.321383
Ecoli_SRP_IDT2_mod_100nt	119	104	A	2	1	0.00114924	0.00113975	0.321383
Ecoli_SRP_IDT2_mod_100nt	119	105	C	0	1	0	0	0.321383
Ecoli_SRP_IDT2_mod_100nt	119	106	T	0	0	0	0	0.321383
Ecoli_SRP_IDT2_mod_100nt	119	107	C	0	0	0	0	0.321383
Ecoli_SRP_IDT2_mod_100nt	119	108	G	0	0	0	0	0.321383
Ecoli_SRP_IDT2_mod_100nt	119	109	G	0	0	0	0	0.321383
Ecoli_SRP_IDT2_mod_100nt	119	110	G	0	0	0	0	0.321383
Ecoli_SRP_IDT2_mod_100nt	119	111	C	0	0	0	0	0.321383
Ecoli_SRP_IDT2_mod_100nt	119	112	A	0	0	0	0	0.321383
Ecoli_SRP_IDT2_mod_100nt	119	113	C	0	0	0	0	0.321383
Ecoli_SRP_IDT2_mod_100nt	119	114	C	0	0	0	0	0.321383
Ecoli_SRP_IDT2_mod_100nt	119	115	A	0	0	0	0	0.321383
Ecoli_SRP_IDT2_mod_100nt	119	116	A	0	0	0	0	0.321383
Ecoli_SRP_IDT2_mod_100nt	119	117	G	0	0	0	0	0.321383
Ecoli_SRP_IDT2_mod_100nt	119	118	G	0	0	0	0	0.321383
