sequence	rt_start	five_prime_offset	nucleotide	treated_mods	untreated_mods	beta	theta	c
Ecoli_SRP_IDT2_mod_103nt	122	0	*	48667	49301	-	-	0.140769
Ecoli_SRP_IDT2_mod_103nt	122	1	A	2830	799	0.283708	0.287321	0.140769
Ecoli_SRP_IDT2_mod_103nt	122	2	T	680	156	0.0712827	0.0711046	0.140769
Ecoli_SRP_IDT2_mod_103nt	122	3	C	95	22	0.00988039	0.00981332	0.140769
Ecoli_SRP_IDT2_mod_103nt	122	4	G	47	19	0.00372737	0.00370048	0.140769
Ecoli_SRP_IDT2_mod_103nt	122	5	G	11	9	0.000224061	0.00022239	0.140769
Ecoli_SRP_IDT2_mod_103nt	122	6	G	55	31	0.0031087	0.00308614	0.140769
Ecoli_SRP_IDT2_mod_103nt	122	7	G	50	39	0.0012849	0.00127542	0.140769
Ecoli_SRP_IDT2_mod_103nt	122	8	G	170	182	0	0	0.140769
Ecoli_SRP_IDT2_mod_103nt	122	9	C	62	65	0	0	0.140769
Ecoli_SRP_IDT2_mod_103nt	122	10	T	170	150	0.00188879	0.00187493	0.140769
Ecoli_SRP_IDT2_mod_103nt	122	11	C	346	178	0.0216356	0.0215064	0.140769
Ecoli_SRP_IDT2_mod_103nt	122	12	T	137	63	0.00956284	0.00949772	0.140769
Ecoli_SRP_IDT2_mod_103nt	122	13	G	56	71	0	0	0.140769
Ecoli_SRP_IDT2_mod_103nt	122	14	T	290	119	0.0220942	0.021963	0.140769
Ecoli_SRP_IDT2_mod_103nt	122	15	T	289	110	0.0230435	0.0229081	0.140769
Ecoli_SRP_IDT2_mod_103nt	122	16	G	108	106	0	0	0.140769
Ecoli_SRP_IDT2_mod_103nt	122	17	G	5445	6619	0	0	0.140769
Ecoli_SRP_IDT2_mod_103nt	122	18	T	886	824	0.00487602	0.00484123	0.140769
Ecoli_SRP_IDT2_mod_103nt	122	19	T	122	46	0.00884717	0.00878648	0.140769
Ecoli_SRP_IDT2_mod_103nt	122	20	C	37	49	0	0	0.140769
Ecoli_SRP_IDT2_mod_103nt	122	21	T	54	48	0.000555215	0.000551087	0.140769
Ecoli_SRP_IDT2_mod_103nt	122	22	C	78	75	0.000113819	0.000112969	0.140769
Ecoli_SRP_IDT2_mod_103nt	122	23	C	199	122	0.00866253	0.008603	0.140769
Ecoli_SRP_IDT2_mod_103nt	122	24	C	242	231	0.000520007	0.00051614	0.140769
Ecoli_SRP_IDT2_mod_103nt	122	25	G	180	160	0.00180318	0.00178993	0.140769
Ecoli_SRP_IDT2_mod_103nt	122	26	C	330	333	0	0	0.140769
Ecoli_SRP_IDT2_mod_103nt	122	27	A	198	107	0.0101801	0.0101113	0.140769
Ecoli_SRP_IDT2_mod_103nt	122	28	A	54	43	0.00112305	0.00111474	0.140769
Ecoli_SRP_IDT2_mod_103nt	122	29	C	226	154	0.00776158	0.00770776	0.140769
Ecoli_SRP_IDT2_mod_103nt	122	30	G	38	29	0.000932023	0.000925118	0.140769
Ecoli_SRP_IDT2_mod_103nt	122	31	C	617	354	0.0287217	0.0285644	0.140769
Ecoli_SRP_IDT2_mod_103nt	122	32	T	489	265	0.0242786	0.0241381	0.140769
Ecoli_SRP_IDT2_mod_103nt	122	33	A	83	36	0.0051519	0.00511524	0.140769
Ecoli_SRP_IDT2_mod_103nt	122	34	C	55	30	0.00268759	0.002668	0.140769
Ecoli_SRP_IDT2_mod_103nt	122	35	T	115	63	0.00557459	0.00553509	0.140769
Ecoli_SRP_IDT2_mod_103nt	122	36	C	155	108	0.00478562	0.00475145	0.140769
Ecoli_SRP_IDT2_mod_103nt	122	37	T	292	176	0.0121594	0.0120788	0.140769
Ecoli_SRP_IDT2_mod_103nt	122	38	G	237	142	0.00990327	0.00983607	0.140769
Ecoli_SRP_IDT2_mod_103nt	122	39	T	38	52	0	0	0.140769
Ecoli_SRP_IDT2_mod_103nt	122	40	T	264	72	0.0209496	0.0208236	0.140769
Ecoli_SRP_IDT2_mod_103nt	122	41	T	1413	501	0.0964391	0.0963691	0.140769
Ecoli_SRP_IDT2_mod_103nt	122	42	A	501	158	0.0359097	0.035731	0.140769
Ecoli_SRP_IDT2_mod_103nt	122	43	C	249	153	0.00920023	0.00913735	0.140769
Ecoli_SRP_IDT2_mod_103nt	122	44	C	971	509	0.045188	0.0449925	0.140769
Ecoli_SRP_IDT2_mod_103nt	122	45	A	149	28	0.0125538	0.0124709	0.140769
Ecoli_SRP_IDT2_mod_103nt	122	46	G	88	63	0.00212183	0.00210629	0.140769
Ecoli_SRP_IDT2_mod_103nt	122	47	G	242	155	0.00787546	0.00782091	0.140769
Ecoli_SRP_IDT2_mod_103nt	122	48	T	79	60	0.00149697	0.00148593	0.140769
Ecoli_SRP_IDT2_mod_103nt	122	49	C	339	263	0.00576234	0.00572158	0.140769
Ecoli_SRP_IDT2_mod_103nt	122	50	A	75	31	0.00433157	0.0043005	0.140769
Ecoli_SRP_IDT2_mod_103nt	122	51	G	42	18	0.00235089	0.00233371	0.140769
Ecoli_SRP_IDT2_mod_103nt	122	52	G	132	81	0.00462396	0.00459089	0.140769
Ecoli_SRP_IDT2_mod_103nt	122	53	T	34	29	0.000273409	0.000271371	0.140769
Ecoli_SRP_IDT2_mod_103nt	122	54	C	86	26	0.0060121	0.00596968	0.140769
Ecoli_SRP_IDT2_mod_103nt	122	55	C	213	85	0.012528	0.0124453	0.140769
Ecoli_SRP_IDT2_mod_103nt	122	56	G	105	37	0.00670794	0.00666093	0.140769
Ecoli_SRP_IDT2_mod_103nt	122	57	G	551	138	0.0411575	0.0409679	0.140769
Ecoli_SRP_IDT2_mod_103nt	122	58	A	260	90	0.0165301	0.0164256	0.140769
Ecoli_SRP_IDT2_mod_103nt	122	59	A	91	12	0.00794841	0.00789339	0.140769
Ecoli_SRP_IDT2_mod_103nt	122	60	G	75	35	0.00373731	0.00371035	0.140769
Ecoli_SRP_IDT2_mod_103nt	122	61	G	283	193	0.00725397	0.00720342	0.140769
Ecoli_SRP_IDT2_mod_103nt	122	62	A	169	111	0.00478153	0.00474738	0.140769
Ecoli_SRP_IDT2_mod_103nt	122	63	A	61	48	0.000839392	0.000833168	0.140769
Ecoli_SRP_IDT2_mod_103nt	122	64	G	135	123	0	0	0.140769
Ecoli_SRP_IDT2_mod_103nt	122	65	C	197	121	0.00646009	0.00641471	0.140769
Ecoli_SRP_IDT2_mod_103nt	122	66	A	165	141	0.00100648	0.000999031	0.140769
Ecoli_SRP_IDT2_mod_103nt	122	67	G	164	118	0.00343756	0.00341269	0.140769
Ecoli_SRP_IDT2_mod_103nt	122	68	C	100	107	0	0	0.140769
Ecoli_SRP_IDT2_mod_103nt	122	69	C	144	175	0	0	0.140769
Ecoli_SRP_IDT2_mod_103nt	122	70	A	52	40	0.00080353	0.00079757	0.140769
Ecoli_SRP_IDT2_mod_103nt	122	71	A	51	36	0.0011414	0.00113296	0.140769
Ecoli_SRP_IDT2_mod_103nt	122	72	G	64	59	0	0	0.140769
Ecoli_SRP_IDT2_mod_103nt	122	73	G	134	93	0.00316295	0.00314	0.140769
Ecoli_SRP_IDT2_mod_103nt	122	74	C	245	201	0.00237787	0.00236049	0.140769
Ecoli_SRP_IDT2_mod_103nt	122	75	A	26	8	0.0017055	0.00169295	0.140769
Ecoli_SRP_IDT2_mod_103nt	122	76	G	289	252	0.00115871	0.00115014	0.140769
Ecoli_SRP_IDT2_mod_103nt	122	77	A	33	11	0.00206269	0.00204757	0.140769
Ecoli_SRP_IDT2_mod_103nt	122	78	T	19	10	0.000788772	0.000782921	0.140769
Ecoli_SRP_IDT2_mod_103nt	122	79	G	99	57	0.00357262	0.00354681	0.140769
Ecoli_SRP_IDT2_mod_103nt	122	80	A	28	18	0.000805305	0.000799332	0.140769
Ecoli_SRP_IDT2_mod_103nt	122	81	C	108	83	0.00163009	0.00161809	0.140769
Ecoli_SRP_IDT2_mod_103nt	122	82	G	75	53	0.0016317	0.00161969	0.140769
Ecoli_SRP_IDT2_mod_103nt	122	83	C	152	110	0.00301782	0.00299589	0.140769
Ecoli_SRP_IDT2_mod_103nt	122	84	G	91	62	0.00221778	0.00220155	0.140769
Ecoli_SRP_IDT2_mod_103nt	122	85	T	25	14	0.000936009	0.000929075	0.140769
Ecoli_SRP_IDT2_mod_103nt	122	86	G	162	40	0.0115161	0.0114393	0.140769
Ecoli_SRP_IDT2_mod_103nt	122	87	T	38	21	0.00144506	0.00143441	0.140769
Ecoli_SRP_IDT2_mod_103nt	122	88	G	24	9	0.00137192	0.00136179	0.140769
Ecoli_SRP_IDT2_mod_103nt	122	89	C	5	6	0	0	0.140769
Ecoli_SRP_IDT2_mod_103nt	122	90	C	6	4	0.000154125	0.000152975	0.140769
Ecoli_SRP_IDT2_mod_103nt	122	91	G	3	1	0.000184916	0.000183537	0.140769
Ecoli_SRP_IDT2_mod_103nt	122	92	G	4	1	0.000282491	0.000280385	0.140769
Ecoli_SRP_IDT2_mod_103nt	122	93	G	18	38	0	0	0.140769
Ecoli_SRP_IDT2_mod_103nt	122	94	A	1	5	0	0	0.140769
Ecoli_SRP_IDT2_mod_103nt	122	95	T	3	0	0.000292674	0.000290493	0.140769
Ecoli_SRP_IDT2_mod_103nt	122	96	G	10	11	0	0	0.140769
Ecoli_SRP_IDT2_mod_103nt	122	97	T	22	59	0	0	0.140769
Ecoli_SRP_IDT2_mod_103nt	122	98	A	38	59	0	0	0.140769
Ecoli_SRP_IDT2_mod_103nt	122	99	G	139	456	0	0	0.140769
Ecoli_SRP_IDT2_mod_103nt	122	100	C	30	128	0	0	0.140769
Ecoli_SRP_IDT2_mod_103nt	122	101	T	2	3	0	0	0.140769
Ecoli_SRP_IDT2_mod_103nt	122	102	G	41	150	0	0	0.140769
Ecoli_SRP_IDT2_mod_103nt	122	103	G	1218	2406	0	0	0.140769
Ecoli_SRP_IDT2_mod_103nt	122	104	C	5	12	0	0	0.140769
Ecoli_SRP_IDT2_mod_103nt	122	105	T	17	52	0	0	0.140769
Ecoli_SRP_IDT2_mod_103nt	122	106	G	40	87	0	0	0.140769
Ecoli_SRP_IDT2_mod_103nt	122	107	A	2	1	8.85377e-05	8.78766e-05	0.140769
Ecoli_SRP_IDT2_mod_103nt	122	108	C	0	0	0	0	0.140769
Ecoli_SRP_IDT2_mod_103nt	122	109	T	1	0	9.55205e-05	9.48073e-05	0.140769
Ecoli_SRP_IDT2_mod_103nt	122	110	C	0	0	0	0	0.140769
Ecoli_SRP_IDT2_mod_103nt	122	111	G	0	0	0	0	0.140769
Ecoli_SRP_IDT2_mod_103nt	122	112	G	0	0	0	0	0.140769
Ecoli_SRP_IDT2_mod_103nt	122	113	G	0	0	0	0	0.140769
Ecoli_SRP_IDT2_mod_103nt	122	114	C	0	0	0	0	0.140769
Ecoli_SRP_IDT2_mod_103nt	122	115	A	0	0	0	0	0.140769
Ecoli_SRP_IDT2_mod_103nt	122	116	C	0	0	0	0	0.140769
Ecoli_SRP_IDT2_mod_103nt	122	117	C	0	0	0	0	0.140769
Ecoli_SRP_IDT2_mod_103nt	122	118	A	0	0	0	0	0.140769
Ecoli_SRP_IDT2_mod_103nt	122	119	A	0	0	0	0	0.140769
Ecoli_SRP_IDT2_mod_103nt	122	120	G	0	0	0	0	0.140769
Ecoli_SRP_IDT2_mod_103nt	122	121	G	0	0	0	0	0.140769
