sequence	rt_start	five_prime_offset	nucleotide	treated_mods	untreated_mods	beta	theta	c
Ecoli_SRP_IDT2_mod_75nt	94	0	*	5797	7624	-	-	0.214648
Ecoli_SRP_IDT2_mod_75nt	94	1	A	326	127	0.175862	0.177923	0.214648
Ecoli_SRP_IDT2_mod_75nt	94	2	T	56	37	0.0203344	0.0202287	0.214648
Ecoli_SRP_IDT2_mod_75nt	94	3	C	8	3	0.00426303	0.00423361	0.214648
Ecoli_SRP_IDT2_mod_75nt	94	4	G	7	3	0.00349886	0.00347443	0.214648
Ecoli_SRP_IDT2_mod_75nt	94	5	G	1	1	0.000155524	0.000154383	0.214648
Ecoli_SRP_IDT2_mod_75nt	94	6	G	15	14	0.00292756	0.00290694	0.214648
Ecoli_SRP_IDT2_mod_75nt	94	7	G	11	10	0.00229922	0.00228288	0.214648
Ecoli_SRP_IDT2_mod_75nt	94	8	G	26	35	0	0	0.214648
Ecoli_SRP_IDT2_mod_75nt	94	9	C	7	17	0	0	0.214648
Ecoli_SRP_IDT2_mod_75nt	94	10	T	22	24	0.00219148	0.00217587	0.214648
Ecoli_SRP_IDT2_mod_75nt	94	11	C	71	22	0.0395691	0.0394447	0.214648
Ecoli_SRP_IDT2_mod_75nt	94	12	T	16	12	0.00470561	0.00467335	0.214648
Ecoli_SRP_IDT2_mod_75nt	94	13	G	17	4	0.0101443	0.0100806	0.214648
Ecoli_SRP_IDT2_mod_75nt	94	14	T	56	18	0.0302802	0.0301549	0.214648
Ecoli_SRP_IDT2_mod_75nt	94	15	T	56	20	0.0287807	0.028657	0.214648
Ecoli_SRP_IDT2_mod_75nt	94	16	G	17	18	0.00168715	0.00167504	0.214648
Ecoli_SRP_IDT2_mod_75nt	94	17	G	998	1122	0.0524258	0.0523331	0.214648
Ecoli_SRP_IDT2_mod_75nt	94	18	T	210	123	0.066081	0.0660612	0.214648
Ecoli_SRP_IDT2_mod_75nt	94	19	T	22	14	0.0062464	0.00620459	0.214648
Ecoli_SRP_IDT2_mod_75nt	94	20	C	10	8	0.00200194	0.00198765	0.214648
Ecoli_SRP_IDT2_mod_75nt	94	21	T	7	5	0.00170284	0.00169063	0.214648
Ecoli_SRP_IDT2_mod_75nt	94	22	C	19	10	0.00641373	0.00637092	0.214648
Ecoli_SRP_IDT2_mod_75nt	94	23	C	21	16	0.00456435	0.004533	0.214648
Ecoli_SRP_IDT2_mod_75nt	94	24	C	44	53	0	0	0.214648
Ecoli_SRP_IDT2_mod_75nt	94	25	G	54	41	0.0116438	0.0115726	0.214648
Ecoli_SRP_IDT2_mod_75nt	94	26	C	79	55	0.0192595	0.0191572	0.214648
Ecoli_SRP_IDT2_mod_75nt	94	27	A	31	23	0.00678196	0.00673696	0.214648
Ecoli_SRP_IDT2_mod_75nt	94	28	A	9	23	0	0	0.214648
Ecoli_SRP_IDT2_mod_75nt	94	29	C	59	31	0.0190724	0.0189708	0.214648
Ecoli_SRP_IDT2_mod_75nt	94	30	G	9	6	0.0022702	0.00225405	0.214648
Ecoli_SRP_IDT2_mod_75nt	94	31	C	241	104	0.0861232	0.0862841	0.214648
Ecoli_SRP_IDT2_mod_75nt	94	32	T	218	71	0.0860615	0.0862217	0.214648
Ecoli_SRP_IDT2_mod_75nt	94	33	A	16	13	0.00249451	0.00247683	0.214648
Ecoli_SRP_IDT2_mod_75nt	94	34	C	12	12	0.000779417	0.00077375	0.214648
Ecoli_SRP_IDT2_mod_75nt	94	35	T	33	15	0.0107914	0.0107244	0.214648
Ecoli_SRP_IDT2_mod_75nt	94	36	C	39	17	0.0130254	0.0129476	0.214648
Ecoli_SRP_IDT2_mod_75nt	94	37	T	80	33	0.0273201	0.0271985	0.214648
Ecoli_SRP_IDT2_mod_75nt	94	38	G	41	21	0.0119375	0.0118648	0.214648
Ecoli_SRP_IDT2_mod_75nt	94	39	T	2	3	0	0	0.214648
Ecoli_SRP_IDT2_mod_75nt	94	40	T	54	4	0.0268419	0.026721	0.214648
Ecoli_SRP_IDT2_mod_75nt	94	41	T	223	69	0.0835848	0.0837179	0.214648
Ecoli_SRP_IDT2_mod_75nt	94	42	A	61	25	0.0196621	0.0195586	0.214648
Ecoli_SRP_IDT2_mod_75nt	94	43	C	19	15	0.00268576	0.00266677	0.214648
Ecoli_SRP_IDT2_mod_75nt	94	44	C	81	45	0.0202163	0.020111	0.214648
Ecoli_SRP_IDT2_mod_75nt	94	45	A	22	2	0.0102555	0.0101912	0.214648
Ecoli_SRP_IDT2_mod_75nt	94	46	G	9	14	0	0	0.214648
Ecoli_SRP_IDT2_mod_75nt	94	47	G	78	38	0.0216039	0.0214945	0.214648
Ecoli_SRP_IDT2_mod_75nt	94	48	T	18	13	0.00297918	0.00295821	0.214648
Ecoli_SRP_IDT2_mod_75nt	94	49	C	50	51	0.00129302	0.00128369	0.214648
Ecoli_SRP_IDT2_mod_75nt	94	50	A	11	6	0.00270934	0.0026902	0.214648
Ecoli_SRP_IDT2_mod_75nt	94	51	G	7	1	0.0030317	0.00301038	0.214648
Ecoli_SRP_IDT2_mod_75nt	94	52	G	27	8	0.00973772	0.00967616	0.214648
Ecoli_SRP_IDT2_mod_75nt	94	53	T	5	6	0	0	0.214648
Ecoli_SRP_IDT2_mod_75nt	94	54	C	17	4	0.00659297	0.00654909	0.214648
Ecoli_SRP_IDT2_mod_75nt	94	55	C	24	5	0.0095801	0.00951938	0.214648
Ecoli_SRP_IDT2_mod_75nt	94	56	G	7	3	0.00207589	0.00206108	0.214648
Ecoli_SRP_IDT2_mod_75nt	94	57	G	24	31	0	0	0.214648
Ecoli_SRP_IDT2_mod_75nt	94	58	A	6	9	0	0	0.214648
Ecoli_SRP_IDT2_mod_75nt	94	59	A	4	0	0.00197405	0.00195994	0.214648
Ecoli_SRP_IDT2_mod_75nt	94	60	G	1	5	0	0	0.214648
Ecoli_SRP_IDT2_mod_75nt	94	61	G	3	1	0.00101821	0.00101083	0.214648
Ecoli_SRP_IDT2_mod_75nt	94	62	A	2	2	6.29907e-05	6.25279e-05	0.214648
Ecoli_SRP_IDT2_mod_75nt	94	63	A	6	0	0.00295734	0.00293652	0.214648
Ecoli_SRP_IDT2_mod_75nt	94	64	G	0	1	0	0	0.214648
Ecoli_SRP_IDT2_mod_75nt	94	65	C	0	1	0	0	0.214648
Ecoli_SRP_IDT2_mod_75nt	94	66	A	1	1	3.12659e-05	3.10361e-05	0.214648
Ecoli_SRP_IDT2_mod_75nt	94	67	G	4	5	0	0	0.214648
Ecoli_SRP_IDT2_mod_75nt	94	68	C	0	5	0	0	0.214648
Ecoli_SRP_IDT2_mod_75nt	94	69	C	5	4	0.000618344	0.000613838	0.214648
Ecoli_SRP_IDT2_mod_75nt	94	70	A	1	4	0	0	0.214648
Ecoli_SRP_IDT2_mod_75nt	94	71	A	6	9	0	0	0.214648
Ecoli_SRP_IDT2_mod_75nt	94	72	G	2	6	0	0	0.214648
Ecoli_SRP_IDT2_mod_75nt	94	73	G	24	161	0	0	0.214648
Ecoli_SRP_IDT2_mod_75nt	94	74	C	6703	23501	0	0	0.214648
Ecoli_SRP_IDT2_mod_75nt	94	75	A	1132	2306	0.00652287	0.00647941	0.214648
Ecoli_SRP_IDT2_mod_75nt	94	76	C	3	13	0	0	0.214648
Ecoli_SRP_IDT2_mod_75nt	94	77	T	18	52	0	0	0.214648
Ecoli_SRP_IDT2_mod_75nt	94	78	G	33	69	0	0	0.214648
Ecoli_SRP_IDT2_mod_75nt	94	79	A	1	0	0.00026888	0.00026691	0.214648
Ecoli_SRP_IDT2_mod_75nt	94	80	C	0	0	0	0	0.214648
Ecoli_SRP_IDT2_mod_75nt	94	81	T	0	0	0	0	0.214648
Ecoli_SRP_IDT2_mod_75nt	94	82	C	0	0	0	0	0.214648
Ecoli_SRP_IDT2_mod_75nt	94	83	G	0	0	0	0	0.214648
Ecoli_SRP_IDT2_mod_75nt	94	84	G	0	0	0	0	0.214648
Ecoli_SRP_IDT2_mod_75nt	94	85	G	0	0	0	0	0.214648
Ecoli_SRP_IDT2_mod_75nt	94	86	C	0	0	0	0	0.214648
Ecoli_SRP_IDT2_mod_75nt	94	87	A	0	0	0	0	0.214648
Ecoli_SRP_IDT2_mod_75nt	94	88	C	0	0	0	0	0.214648
Ecoli_SRP_IDT2_mod_75nt	94	89	C	0	0	0	0	0.214648
Ecoli_SRP_IDT2_mod_75nt	94	90	A	0	0	0	0	0.214648
Ecoli_SRP_IDT2_mod_75nt	94	91	A	0	0	0	0	0.214648
Ecoli_SRP_IDT2_mod_75nt	94	92	G	0	0	0	0	0.214648
Ecoli_SRP_IDT2_mod_75nt	94	93	G	0	0	0	0	0.214648
