sequence	rt_start	five_prime_offset	nucleotide	treated_mods	untreated_mods	beta	theta	c
Ecoli_SRP_IDT2_mod_112nt	131	0	*	133071	75010	-	-	0.107305
Ecoli_SRP_IDT2_mod_112nt	131	1	A	7928	1290	0.37624	0.380398	0.107305
Ecoli_SRP_IDT2_mod_112nt	131	2	T	1850	265	0.0895771	0.0891687	0.107305
Ecoli_SRP_IDT2_mod_112nt	131	3	C	247	23	0.0134163	0.0133009	0.107305
Ecoli_SRP_IDT2_mod_112nt	131	4	G	116	28	0.00418312	0.00414512	0.107305
Ecoli_SRP_IDT2_mod_112nt	131	5	G	19	9	0.000142979	0.000141649	0.107305
Ecoli_SRP_IDT2_mod_112nt	131	6	G	93	50	0	0	0.107305
Ecoli_SRP_IDT2_mod_112nt	131	7	G	89	58	0	0	0.107305
Ecoli_SRP_IDT2_mod_112nt	131	8	G	289	213	0	0	0.107305
Ecoli_SRP_IDT2_mod_112nt	131	9	C	111	99	0	0	0.107305
Ecoli_SRP_IDT2_mod_112nt	131	10	T	181	148	0	0	0.107305
Ecoli_SRP_IDT2_mod_112nt	131	11	C	321	211	0	0	0.107305
Ecoli_SRP_IDT2_mod_112nt	131	12	T	155	81	0.000259179	0.000256771	0.107305
Ecoli_SRP_IDT2_mod_112nt	131	13	G	85	75	0	0	0.107305
Ecoli_SRP_IDT2_mod_112nt	131	14	T	297	152	0.000890013	0.000881773	0.107305
Ecoli_SRP_IDT2_mod_112nt	131	15	T	311	165	0.000223353	0.000221278	0.107305
Ecoli_SRP_IDT2_mod_112nt	131	16	G	248	177	0	0	0.107305
Ecoli_SRP_IDT2_mod_112nt	131	17	G	13910	11143	0	0	0.107305
Ecoli_SRP_IDT2_mod_112nt	131	18	T	2171	1520	0	0	0.107305
Ecoli_SRP_IDT2_mod_112nt	131	19	T	179	88	0.00130012	0.00128812	0.107305
Ecoli_SRP_IDT2_mod_112nt	131	20	C	97	71	0	0	0.107305
Ecoli_SRP_IDT2_mod_112nt	131	21	T	99	69	0	0	0.107305
Ecoli_SRP_IDT2_mod_112nt	131	22	C	258	127	0.00185444	0.00183737	0.107305
Ecoli_SRP_IDT2_mod_112nt	131	23	C	492	250	0.0027161	0.00269122	0.107305
Ecoli_SRP_IDT2_mod_112nt	131	24	C	707	390	0.000721525	0.000714839	0.107305
Ecoli_SRP_IDT2_mod_112nt	131	25	G	293	245	0	0	0.107305
Ecoli_SRP_IDT2_mod_112nt	131	26	C	617	496	0	0	0.107305
Ecoli_SRP_IDT2_mod_112nt	131	27	A	228	129	0	0	0.107305
Ecoli_SRP_IDT2_mod_112nt	131	28	A	107	34	0.00266382	0.0026394	0.107305
Ecoli_SRP_IDT2_mod_112nt	131	29	C	546	208	0.01005	0.00996184	0.107305
Ecoli_SRP_IDT2_mod_112nt	131	30	G	84	48	0	0	0.107305
Ecoli_SRP_IDT2_mod_112nt	131	31	C	1198	639	0.00346874	0.0034371	0.107305
Ecoli_SRP_IDT2_mod_112nt	131	32	T	915	438	0.00762421	0.00755632	0.107305
Ecoli_SRP_IDT2_mod_112nt	131	33	A	159	69	0.00202881	0.00201014	0.107305
Ecoli_SRP_IDT2_mod_112nt	131	34	C	149	68	0.00156428	0.00154985	0.107305
Ecoli_SRP_IDT2_mod_112nt	131	35	T	312	115	0.00600041	0.00594647	0.107305
Ecoli_SRP_IDT2_mod_112nt	131	36	C	412	213	0.00180405	0.00178743	0.107305
Ecoli_SRP_IDT2_mod_112nt	131	37	T	720	277	0.0125802	0.0124715	0.107305
Ecoli_SRP_IDT2_mod_112nt	131	38	G	571	242	0.00770391	0.00763534	0.107305
Ecoli_SRP_IDT2_mod_112nt	131	39	T	152	81	0.000402327	0.000398592	0.107305
Ecoli_SRP_IDT2_mod_112nt	131	40	T	702	125	0.0264085	0.0261996	0.107305
Ecoli_SRP_IDT2_mod_112nt	131	41	T	4065	1140	0.108973	0.108589	0.107305
Ecoli_SRP_IDT2_mod_112nt	131	42	A	1510	400	0.0419305	0.0416332	0.107305
Ecoli_SRP_IDT2_mod_112nt	131	43	C	701	386	0	0	0.107305
Ecoli_SRP_IDT2_mod_112nt	131	44	C	3104	1146	0.0531882	0.0528428	0.107305
Ecoli_SRP_IDT2_mod_112nt	131	45	A	421	49	0.0172837	0.0171386	0.107305
Ecoli_SRP_IDT2_mod_112nt	131	46	G	239	75	0.00528301	0.00523532	0.107305
Ecoli_SRP_IDT2_mod_112nt	131	47	G	661	245	0.0109656	0.0108699	0.107305
Ecoli_SRP_IDT2_mod_112nt	131	48	T	192	103	0.000139303	0.000138008	0.107305
Ecoli_SRP_IDT2_mod_112nt	131	49	C	900	480	0.000915854	0.000907376	0.107305
Ecoli_SRP_IDT2_mod_112nt	131	50	A	161	35	0.00498395	0.00493888	0.107305
Ecoli_SRP_IDT2_mod_112nt	131	51	G	96	17	0.00333594	0.00330548	0.107305
Ecoli_SRP_IDT2_mod_112nt	131	52	G	332	88	0.00874959	0.00867221	0.107305
Ecoli_SRP_IDT2_mod_112nt	131	53	T	72	34	0.000482696	0.000478217	0.107305
Ecoli_SRP_IDT2_mod_112nt	131	54	C	190	42	0.00578643	0.00573435	0.107305
Ecoli_SRP_IDT2_mod_112nt	131	55	C	543	140	0.0145966	0.014472	0.107305
Ecoli_SRP_IDT2_mod_112nt	131	56	G	258	71	0.00649301	0.00643481	0.107305
Ecoli_SRP_IDT2_mod_112nt	131	57	G	1605	229	0.0599301	0.0595624	0.107305
Ecoli_SRP_IDT2_mod_112nt	131	58	A	692	157	0.0202135	0.0200469	0.107305
Ecoli_SRP_IDT2_mod_112nt	131	59	A	238	23	0.00984506	0.00975856	0.107305
Ecoli_SRP_IDT2_mod_112nt	131	60	G	159	57	0.00265688	0.00263252	0.107305
Ecoli_SRP_IDT2_mod_112nt	131	61	G	695	280	0.00867419	0.00859743	0.107305
Ecoli_SRP_IDT2_mod_112nt	131	62	A	296	129	0.00276573	0.00274039	0.107305
Ecoli_SRP_IDT2_mod_112nt	131	63	A	148	47	0.00301728	0.00298968	0.107305
Ecoli_SRP_IDT2_mod_112nt	131	64	G	362	268	0	0	0.107305
Ecoli_SRP_IDT2_mod_112nt	131	65	C	466	230	0.00182815	0.00181131	0.107305
Ecoli_SRP_IDT2_mod_112nt	131	66	A	317	140	0.00276893	0.00274357	0.107305
Ecoli_SRP_IDT2_mod_112nt	131	67	G	360	181	0.00109125	0.00108116	0.107305
Ecoli_SRP_IDT2_mod_112nt	131	68	C	264	197	0	0	0.107305
Ecoli_SRP_IDT2_mod_112nt	131	69	C	442	422	0	0	0.107305
Ecoli_SRP_IDT2_mod_112nt	131	70	A	94	40	0.000963202	0.000954288	0.107305
Ecoli_SRP_IDT2_mod_112nt	131	71	A	114	19	0.00388719	0.00385182	0.107305
Ecoli_SRP_IDT2_mod_112nt	131	72	G	136	47	0.00239087	0.00236892	0.107305
Ecoli_SRP_IDT2_mod_112nt	131	73	G	253	141	0	0	0.107305
Ecoli_SRP_IDT2_mod_112nt	131	74	C	461	454	0	0	0.107305
Ecoli_SRP_IDT2_mod_112nt	131	75	A	36	11	0.000764506	0.000757423	0.107305
Ecoli_SRP_IDT2_mod_112nt	131	76	G	511	387	0	0	0.107305
Ecoli_SRP_IDT2_mod_112nt	131	77	A	54	23	0.000551717	0.000546599	0.107305
Ecoli_SRP_IDT2_mod_112nt	131	78	T	36	10	0.000854312	0.0008464	0.107305
Ecoli_SRP_IDT2_mod_112nt	131	79	G	176	69	0.00233883	0.00231736	0.107305
Ecoli_SRP_IDT2_mod_112nt	131	80	A	38	15	0.000495213	0.000490618	0.107305
Ecoli_SRP_IDT2_mod_112nt	131	81	C	217	145	0	0	0.107305
Ecoli_SRP_IDT2_mod_112nt	131	82	G	119	72	0	0	0.107305
Ecoli_SRP_IDT2_mod_112nt	131	83	C	315	194	0	0	0.107305
Ecoli_SRP_IDT2_mod_112nt	131	84	G	353	219	0	0	0.107305
Ecoli_SRP_IDT2_mod_112nt	131	85	T	183	57	0.0037551	0.0037209	0.107305
Ecoli_SRP_IDT2_mod_112nt	131	86	G	645	212	0.0121819	0.0120764	0.107305
Ecoli_SRP_IDT2_mod_112nt	131	87	T	407	242	0	0	0.107305
Ecoli_SRP_IDT2_mod_112nt	131	88	G	248	136	0	0	0.107305
Ecoli_SRP_IDT2_mod_112nt	131	89	C	103	56	0	0	0.107305
Ecoli_SRP_IDT2_mod_112nt	131	90	C	78	43	0	0	0.107305
Ecoli_SRP_IDT2_mod_112nt	131	91	G	29	21	0	0	0.107305
Ecoli_SRP_IDT2_mod_112nt	131	92	G	49	44	0	0	0.107305
Ecoli_SRP_IDT2_mod_112nt	131	93	G	2222	2012	0	0	0.107305
Ecoli_SRP_IDT2_mod_112nt	131	94	A	179	94	0.000259906	0.000257491	0.107305
Ecoli_SRP_IDT2_mod_112nt	131	95	T	8	2	0.000205627	0.000203716	0.107305
Ecoli_SRP_IDT2_mod_112nt	131	96	G	30	10	0.00055063	0.000545522	0.107305
Ecoli_SRP_IDT2_mod_112nt	131	97	T	33	23	0	0	0.107305
Ecoli_SRP_IDT2_mod_112nt	131	98	A	7	1	0.000245943	0.000243658	0.107305
Ecoli_SRP_IDT2_mod_112nt	131	99	G	4	3	0	0	0.107305
Ecoli_SRP_IDT2_mod_112nt	131	100	C	12	1	0.000484518	0.000480022	0.107305
Ecoli_SRP_IDT2_mod_112nt	131	101	T	0	1	0	0	0.107305
Ecoli_SRP_IDT2_mod_112nt	131	102	G	8	5	0	0	0.107305
Ecoli_SRP_IDT2_mod_112nt	131	103	G	18	14	0	0	0.107305
Ecoli_SRP_IDT2_mod_112nt	131	104	C	96	56	0	0	0.107305
Ecoli_SRP_IDT2_mod_112nt	131	105	A	35	15	0.000348258	0.000345023	0.107305
Ecoli_SRP_IDT2_mod_112nt	131	106	G	48	52	0	0	0.107305
Ecoli_SRP_IDT2_mod_112nt	131	107	G	29	57	0	0	0.107305
Ecoli_SRP_IDT2_mod_112nt	131	108	G	87	133	0	0	0.107305
Ecoli_SRP_IDT2_mod_112nt	131	109	C	15	22	0	0	0.107305
Ecoli_SRP_IDT2_mod_112nt	131	110	C	16	34	0	0	0.107305
Ecoli_SRP_IDT2_mod_112nt	131	111	C	34	144	0	0	0.107305
Ecoli_SRP_IDT2_mod_112nt	131	112	C	1230	2218	0	0	0.107305
Ecoli_SRP_IDT2_mod_112nt	131	113	C	5	8	0	0	0.107305
Ecoli_SRP_IDT2_mod_112nt	131	114	T	20	60	0	0	0.107305
Ecoli_SRP_IDT2_mod_112nt	131	115	G	42	67	0	0	0.107305
Ecoli_SRP_IDT2_mod_112nt	131	116	A	0	1	0	0	0.107305
Ecoli_SRP_IDT2_mod_112nt	131	117	C	0	0	0	0	0.107305
Ecoli_SRP_IDT2_mod_112nt	131	118	T	0	0	0	0	0.107305
Ecoli_SRP_IDT2_mod_112nt	131	119	C	0	0	0	0	0.107305
Ecoli_SRP_IDT2_mod_112nt	131	120	G	0	0	0	0	0.107305
Ecoli_SRP_IDT2_mod_112nt	131	121	G	0	0	0	0	0.107305
Ecoli_SRP_IDT2_mod_112nt	131	122	G	0	0	0	0	0.107305
Ecoli_SRP_IDT2_mod_112nt	131	123	C	0	0	0	0	0.107305
Ecoli_SRP_IDT2_mod_112nt	131	124	A	0	0	0	0	0.107305
Ecoli_SRP_IDT2_mod_112nt	131	125	C	0	0	0	0	0.107305
Ecoli_SRP_IDT2_mod_112nt	131	126	C	0	0	0	0	0.107305
Ecoli_SRP_IDT2_mod_112nt	131	127	A	0	0	0	0	0.107305
Ecoli_SRP_IDT2_mod_112nt	131	128	A	0	0	0	0	0.107305
Ecoli_SRP_IDT2_mod_112nt	131	129	G	0	0	0	0	0.107305
Ecoli_SRP_IDT2_mod_112nt	131	130	G	0	0	0	0	0.107305
