sequence	rt_start	five_prime_offset	nucleotide	treated_mods	untreated_mods	beta	theta	c
Ecoli_SRP_IDT2_mod_68nt	87	0	*	14024	9234	-	-	0.123917
Ecoli_SRP_IDT2_mod_68nt	87	1	A	749	207	0.238703	0.240979	0.123917
Ecoli_SRP_IDT2_mod_68nt	87	2	T	160	44	0.0495251	0.049409	0.123917
Ecoli_SRP_IDT2_mod_68nt	87	3	C	14	6	0.00247188	0.00245893	0.123917
Ecoli_SRP_IDT2_mod_68nt	87	4	G	8	8	0	0	0.123917
Ecoli_SRP_IDT2_mod_68nt	87	5	G	6	2	0.00154629	0.0015381	0.123917
Ecoli_SRP_IDT2_mod_68nt	87	6	G	17	13	0	0	0.123917
Ecoli_SRP_IDT2_mod_68nt	87	7	G	20	10	0.00230289	0.0022908	0.123917
Ecoli_SRP_IDT2_mod_68nt	87	8	G	53	47	0	0	0.123917
Ecoli_SRP_IDT2_mod_68nt	87	9	C	29	25	0	0	0.123917
Ecoli_SRP_IDT2_mod_68nt	87	10	T	56	25	0.00895887	0.0089155	0.123917
Ecoli_SRP_IDT2_mod_68nt	87	11	C	127	40	0.0340594	0.0339471	0.123917
Ecoli_SRP_IDT2_mod_68nt	87	12	T	38	16	0.00674622	0.00671264	0.123917
Ecoli_SRP_IDT2_mod_68nt	87	13	G	30	13	0.00499846	0.00497304	0.123917
Ecoli_SRP_IDT2_mod_68nt	87	14	T	78	29	0.0169117	0.016838	0.123917
Ecoli_SRP_IDT2_mod_68nt	87	15	T	81	16	0.0291403	0.0290354	0.123917
Ecoli_SRP_IDT2_mod_68nt	87	16	G	34	20	0.00113764	0.00113159	0.123917
Ecoli_SRP_IDT2_mod_68nt	87	17	G	2182	1451	0	0	0.123917
Ecoli_SRP_IDT2_mod_68nt	87	18	T	374	193	0.0309875	0.0308795	0.123917
Ecoli_SRP_IDT2_mod_68nt	87	19	T	33	11	0.00696683	0.00693224	0.123917
Ecoli_SRP_IDT2_mod_68nt	87	20	C	13	16	0	0	0.123917
Ecoli_SRP_IDT2_mod_68nt	87	21	T	15	11	0	0	0.123917
Ecoli_SRP_IDT2_mod_68nt	87	22	C	32	16	0.0029562	0.00294079	0.123917
Ecoli_SRP_IDT2_mod_68nt	87	23	C	52	33	0	0	0.123917
Ecoli_SRP_IDT2_mod_68nt	87	24	C	83	68	0	0	0.123917
Ecoli_SRP_IDT2_mod_68nt	87	25	G	66	45	0	0	0.123917
Ecoli_SRP_IDT2_mod_68nt	87	26	C	122	54	0.0159932	0.0159227	0.123917
Ecoli_SRP_IDT2_mod_68nt	87	27	A	84	31	0.0151949	0.0151271	0.123917
Ecoli_SRP_IDT2_mod_68nt	87	28	A	37	10	0.00919486	0.00915047	0.123917
Ecoli_SRP_IDT2_mod_68nt	87	29	C	110	47	0.01524	0.0151721	0.123917
Ecoli_SRP_IDT2_mod_68nt	87	30	G	19	3	0.00615252	0.00612167	0.123917
Ecoli_SRP_IDT2_mod_68nt	87	31	C	300	99	0.0604813	0.0603806	0.123917
Ecoli_SRP_IDT2_mod_68nt	87	32	T	253	73	0.0570089	0.0569017	0.123917
Ecoli_SRP_IDT2_mod_68nt	87	33	A	38	15	0.005751	0.00572202	0.123917
Ecoli_SRP_IDT2_mod_68nt	87	34	C	27	7	0.00655948	0.00652675	0.123917
Ecoli_SRP_IDT2_mod_68nt	87	35	T	52	21	0.00749559	0.00745862	0.123917
Ecoli_SRP_IDT2_mod_68nt	87	36	C	73	37	0.00538248	0.00535524	0.123917
Ecoli_SRP_IDT2_mod_68nt	87	37	T	128	39	0.0267351	0.0266349	0.123917
Ecoli_SRP_IDT2_mod_68nt	87	38	G	92	36	0.013717	0.0136545	0.123917
Ecoli_SRP_IDT2_mod_68nt	87	39	T	24	13	0.00114066	0.00113459	0.123917
Ecoli_SRP_IDT2_mod_68nt	87	40	T	116	12	0.0394069	0.03929	0.123917
Ecoli_SRP_IDT2_mod_68nt	87	41	T	406	106	0.0929568	0.0929893	0.123917
Ecoli_SRP_IDT2_mod_68nt	87	42	A	154	50	0.0282267	0.0281235	0.123917
Ecoli_SRP_IDT2_mod_68nt	87	43	C	113	49	0.0124054	0.012348	0.123917
Ecoli_SRP_IDT2_mod_68nt	87	44	C	264	98	0.0392311	0.0391143	0.123917
Ecoli_SRP_IDT2_mod_68nt	87	45	A	33	1	0.0122075	0.0121508	0.123917
Ecoli_SRP_IDT2_mod_68nt	87	46	G	48	16	0.00821853	0.00817836	0.123917
Ecoli_SRP_IDT2_mod_68nt	87	47	G	168	37	0.0408153	0.0406977	0.123917
Ecoli_SRP_IDT2_mod_68nt	87	48	T	48	17	0.00742147	0.00738483	0.123917
Ecoli_SRP_IDT2_mod_68nt	87	49	C	105	52	0.00654196	0.00650931	0.123917
Ecoli_SRP_IDT2_mod_68nt	87	50	A	16	0	0.00612234	0.00609163	0.123917
Ecoli_SRP_IDT2_mod_68nt	87	51	G	2	2	0	0	0.123917
Ecoli_SRP_IDT2_mod_68nt	87	52	G	46	3	0.0156226	0.0155534	0.123917
Ecoli_SRP_IDT2_mod_68nt	87	53	T	4	1	0.000879271	0.000874578	0.123917
Ecoli_SRP_IDT2_mod_68nt	87	54	C	3	0	0.00114497	0.00113888	0.123917
Ecoli_SRP_IDT2_mod_68nt	87	55	C	4	0	0.00152634	0.00151825	0.123917
Ecoli_SRP_IDT2_mod_68nt	87	56	G	3	0	0.00114459	0.0011385	0.123917
Ecoli_SRP_IDT2_mod_68nt	87	57	G	2	3	0	0	0.123917
Ecoli_SRP_IDT2_mod_68nt	87	58	A	4	0	0.00152569	0.00151761	0.123917
Ecoli_SRP_IDT2_mod_68nt	87	59	A	1	0	0.000381405	0.000379358	0.123917
Ecoli_SRP_IDT2_mod_68nt	87	60	G	1	0	0.000381387	0.00037934	0.123917
Ecoli_SRP_IDT2_mod_68nt	87	61	G	3	2	0	0	0.123917
Ecoli_SRP_IDT2_mod_68nt	87	62	A	8	12	0	0	0.123917
Ecoli_SRP_IDT2_mod_68nt	87	63	A	12	16	0	0	0.123917
Ecoli_SRP_IDT2_mod_68nt	87	64	G	49	30	0	0	0.123917
Ecoli_SRP_IDT2_mod_68nt	87	65	C	1	0	0.000380083	0.000378043	0.123917
Ecoli_SRP_IDT2_mod_68nt	87	66	A	21	22	0	0	0.123917
Ecoli_SRP_IDT2_mod_68nt	87	67	G	39	143	0	0	0.123917
Ecoli_SRP_IDT2_mod_68nt	87	68	C	1282	2386	0	0	0.123917
Ecoli_SRP_IDT2_mod_68nt	87	69	C	6	11	0	0	0.123917
Ecoli_SRP_IDT2_mod_68nt	87	70	T	19	66	0	0	0.123917
Ecoli_SRP_IDT2_mod_68nt	87	71	G	35	69	0	0	0.123917
Ecoli_SRP_IDT2_mod_68nt	87	72	A	0	0	0	0	0.123917
Ecoli_SRP_IDT2_mod_68nt	87	73	C	0	0	0	0	0.123917
Ecoli_SRP_IDT2_mod_68nt	87	74	T	0	1	0	0	0.123917
Ecoli_SRP_IDT2_mod_68nt	87	75	C	0	0	0	0	0.123917
Ecoli_SRP_IDT2_mod_68nt	87	76	G	0	0	0	0	0.123917
Ecoli_SRP_IDT2_mod_68nt	87	77	G	0	0	0	0	0.123917
Ecoli_SRP_IDT2_mod_68nt	87	78	G	0	0	0	0	0.123917
Ecoli_SRP_IDT2_mod_68nt	87	79	C	0	0	0	0	0.123917
Ecoli_SRP_IDT2_mod_68nt	87	80	A	0	0	0	0	0.123917
Ecoli_SRP_IDT2_mod_68nt	87	81	C	0	0	0	0	0.123917
Ecoli_SRP_IDT2_mod_68nt	87	82	C	0	0	0	0	0.123917
Ecoli_SRP_IDT2_mod_68nt	87	83	A	0	0	0	0	0.123917
Ecoli_SRP_IDT2_mod_68nt	87	84	A	0	0	0	0	0.123917
Ecoli_SRP_IDT2_mod_68nt	87	85	G	0	0	0	0	0.123917
Ecoli_SRP_IDT2_mod_68nt	87	86	G	0	0	0	0	0.123917
