sequence	rt_start	five_prime_offset	nucleotide	treated_mods	untreated_mods	beta	theta	c
Ecoli_SRP_IDT2_mod_104nt	123	0	*	14787	9421	-	-	0.175055
Ecoli_SRP_IDT2_mod_104nt	123	1	A	765	160	0.18975	0.19194	0.175055
Ecoli_SRP_IDT2_mod_104nt	123	2	T	153	33	0.0363591	0.0362828	0.175055
Ecoli_SRP_IDT2_mod_104nt	123	3	C	20	8	0.00253137	0.00251861	0.175055
Ecoli_SRP_IDT2_mod_104nt	123	4	G	13	3	0.00295461	0.00293982	0.175055
Ecoli_SRP_IDT2_mod_104nt	123	5	G	6	0	0.00218853	0.00217743	0.175055
Ecoli_SRP_IDT2_mod_104nt	123	6	G	25	10	0.00314743	0.00313173	0.175055
Ecoli_SRP_IDT2_mod_104nt	123	7	G	23	9	0.00300745	0.00299241	0.175055
Ecoli_SRP_IDT2_mod_104nt	123	8	G	69	39	0.00186018	0.00185069	0.175055
Ecoli_SRP_IDT2_mod_104nt	123	9	C	32	13	0.00386833	0.00384928	0.175055
Ecoli_SRP_IDT2_mod_104nt	123	10	T	61	30	0.00425685	0.00423603	0.175055
Ecoli_SRP_IDT2_mod_104nt	123	11	C	114	31	0.0225695	0.0224951	0.175055
Ecoli_SRP_IDT2_mod_104nt	123	12	T	51	19	0.00702223	0.00698956	0.175055
Ecoli_SRP_IDT2_mod_104nt	123	13	G	32	13	0.00375658	0.00373804	0.175055
Ecoli_SRP_IDT2_mod_104nt	123	14	T	95	30	0.0160844	0.0160223	0.175055
Ecoli_SRP_IDT2_mod_104nt	123	15	T	105	23	0.0235122	0.0234365	0.175055
Ecoli_SRP_IDT2_mod_104nt	123	16	G	49	22	0.00435966	0.00433837	0.175055
Ecoli_SRP_IDT2_mod_104nt	123	17	G	2023	1384	0	0	0.175055
Ecoli_SRP_IDT2_mod_104nt	123	18	T	353	161	0.0273125	0.0272337	0.175055
Ecoli_SRP_IDT2_mod_104nt	123	19	T	37	12	0.00526601	0.00524072	0.175055
Ecoli_SRP_IDT2_mod_104nt	123	20	C	14	8	0.000250782	0.000249468	0.175055
Ecoli_SRP_IDT2_mod_104nt	123	21	T	22	15	0	0	0.175055
Ecoli_SRP_IDT2_mod_104nt	123	22	C	47	18	0.00527372	0.00524839	0.175055
Ecoli_SRP_IDT2_mod_104nt	123	23	C	66	29	0.00550927	0.00548292	0.175055
Ecoli_SRP_IDT2_mod_104nt	123	24	C	96	53	0.00257378	0.00256081	0.175055
Ecoli_SRP_IDT2_mod_104nt	123	25	G	116	66	0.00210867	0.00209797	0.175055
Ecoli_SRP_IDT2_mod_104nt	123	26	C	191	111	0.0022783	0.00226677	0.175055
Ecoli_SRP_IDT2_mod_104nt	123	27	A	67	28	0.00612908	0.0061001	0.175055
Ecoli_SRP_IDT2_mod_104nt	123	28	A	43	24	0.000974778	0.000969733	0.175055
Ecoli_SRP_IDT2_mod_104nt	123	29	C	112	43	0.0119824	0.0119318	0.175055
Ecoli_SRP_IDT2_mod_104nt	123	30	G	21	8	0.00226646	0.00225499	0.175055
Ecoli_SRP_IDT2_mod_104nt	123	31	C	307	127	0.027796	0.0277169	0.175055
Ecoli_SRP_IDT2_mod_104nt	123	32	T	273	74	0.0425802	0.042514	0.175055
Ecoli_SRP_IDT2_mod_104nt	123	33	A	57	26	0.00378694	0.00376826	0.175055
Ecoli_SRP_IDT2_mod_104nt	123	34	C	25	18	0	0	0.175055
Ecoli_SRP_IDT2_mod_104nt	123	35	T	64	27	0.00526802	0.00524272	0.175055
Ecoli_SRP_IDT2_mod_104nt	123	36	C	66	26	0.00627549	0.00624589	0.175055
Ecoli_SRP_IDT2_mod_104nt	123	37	T	157	44	0.0231733	0.023098	0.175055
Ecoli_SRP_IDT2_mod_104nt	123	38	G	95	39	0.00809221	0.00805532	0.175055
Ecoli_SRP_IDT2_mod_104nt	123	39	T	14	13	0	0	0.175055
Ecoli_SRP_IDT2_mod_104nt	123	40	T	117	19	0.023449	0.0233734	0.175055
Ecoli_SRP_IDT2_mod_104nt	123	41	T	510	133	0.0766259	0.0767359	0.175055
Ecoli_SRP_IDT2_mod_104nt	123	42	A	194	54	0.0270064	0.0269277	0.175055
Ecoli_SRP_IDT2_mod_104nt	123	43	C	81	32	0.00683138	0.00679949	0.175055
Ecoli_SRP_IDT2_mod_104nt	123	44	C	343	100	0.0445154	0.0444538	0.175055
Ecoli_SRP_IDT2_mod_104nt	123	45	A	57	8	0.011251	0.0112028	0.175055
Ecoli_SRP_IDT2_mod_104nt	123	46	G	51	29	7.66394e-05	7.62368e-05	0.175055
Ecoli_SRP_IDT2_mod_104nt	123	47	G	134	52	0.0111669	0.011119	0.175055
Ecoli_SRP_IDT2_mod_104nt	123	48	T	43	20	0.00205989	0.00204942	0.175055
Ecoli_SRP_IDT2_mod_104nt	123	49	C	146	46	0.0168058	0.0167419	0.175055
Ecoli_SRP_IDT2_mod_104nt	123	50	A	34	12	0.00331271	0.00329623	0.175055
Ecoli_SRP_IDT2_mod_104nt	123	51	G	32	10	0.00369374	0.00367549	0.175055
Ecoli_SRP_IDT2_mod_104nt	123	52	G	127	42	0.0135284	0.0134731	0.175055
Ecoli_SRP_IDT2_mod_104nt	123	53	T	21	19	0	0	0.175055
Ecoli_SRP_IDT2_mod_104nt	123	54	C	57	16	0.00731183	0.00727801	0.175055
Ecoli_SRP_IDT2_mod_104nt	123	55	C	176	39	0.0270024	0.0269237	0.175055
Ecoli_SRP_IDT2_mod_104nt	123	56	G	83	4	0.0190584	0.0189896	0.175055
Ecoli_SRP_IDT2_mod_104nt	123	57	G	367	56	0.0660655	0.066099	0.175055
Ecoli_SRP_IDT2_mod_104nt	123	58	A	174	54	0.0188345	0.0187662	0.175055
Ecoli_SRP_IDT2_mod_104nt	123	59	A	53	6	0.0103183	0.0102733	0.175055
Ecoli_SRP_IDT2_mod_104nt	123	60	G	68	17	0.00908728	0.00904664	0.175055
Ecoli_SRP_IDT2_mod_104nt	123	61	G	180	56	0.0190132	0.0189446	0.175055
Ecoli_SRP_IDT2_mod_104nt	123	62	A	92	41	0.00420958	0.00418897	0.175055
Ecoli_SRP_IDT2_mod_104nt	123	63	A	43	12	0.00509632	0.00507176	0.175055
Ecoli_SRP_IDT2_mod_104nt	123	64	G	52	34	0	0	0.175055
Ecoli_SRP_IDT2_mod_104nt	123	65	C	86	42	0.00228398	0.00227242	0.175055
Ecoli_SRP_IDT2_mod_104nt	123	66	A	108	45	0.00620771	0.0061784	0.175055
Ecoli_SRP_IDT2_mod_104nt	123	67	G	107	70	0	0	0.175055
Ecoli_SRP_IDT2_mod_104nt	123	68	C	36	21	0	0	0.175055
Ecoli_SRP_IDT2_mod_104nt	123	69	C	99	86	0	0	0.175055
Ecoli_SRP_IDT2_mod_104nt	123	70	A	45	14	0.00460697	0.00458458	0.175055
Ecoli_SRP_IDT2_mod_104nt	123	71	A	79	22	0.00915384	0.00911296	0.175055
Ecoli_SRP_IDT2_mod_104nt	123	72	G	63	28	0.00280949	0.0027954	0.175055
Ecoli_SRP_IDT2_mod_104nt	123	73	G	99	39	0.00651316	0.00648258	0.175055
Ecoli_SRP_IDT2_mod_104nt	123	74	C	141	82	0	0	0.175055
Ecoli_SRP_IDT2_mod_104nt	123	75	A	17	14	0	0	0.175055
Ecoli_SRP_IDT2_mod_104nt	123	76	G	359	255	0	0	0.175055
Ecoli_SRP_IDT2_mod_104nt	123	77	A	30	9	0.00311662	0.00310107	0.175055
Ecoli_SRP_IDT2_mod_104nt	123	78	T	20	10	0.00041824	0.000416055	0.175055
Ecoli_SRP_IDT2_mod_104nt	123	79	G	74	36	0.00195479	0.00194483	0.175055
Ecoli_SRP_IDT2_mod_104nt	123	80	A	59	20	0.00513746	0.00511273	0.175055
Ecoli_SRP_IDT2_mod_104nt	123	81	C	128	86	0	0	0.175055
Ecoli_SRP_IDT2_mod_104nt	123	82	G	107	64	0	0	0.175055
Ecoli_SRP_IDT2_mod_104nt	123	83	C	149	67	0.00610136	0.00607249	0.175055
Ecoli_SRP_IDT2_mod_104nt	123	84	G	336	204	0	0	0.175055
Ecoli_SRP_IDT2_mod_104nt	123	85	T	75	46	0	0	0.175055
Ecoli_SRP_IDT2_mod_104nt	123	86	G	214	112	0.00233457	0.00232276	0.175055
Ecoli_SRP_IDT2_mod_104nt	123	87	T	168	90	0.00099062	0.000985494	0.175055
Ecoli_SRP_IDT2_mod_104nt	123	88	G	51	21	0.00278149	0.00276753	0.175055
Ecoli_SRP_IDT2_mod_104nt	123	89	C	10	10	0	0	0.175055
Ecoli_SRP_IDT2_mod_104nt	123	90	C	12	2	0.00180819	0.00179896	0.175055
Ecoli_SRP_IDT2_mod_104nt	123	91	G	1	0	0.000216102	0.000214969	0.175055
Ecoli_SRP_IDT2_mod_104nt	123	92	G	1	1	0	0	0.175055
Ecoli_SRP_IDT2_mod_104nt	123	93	G	20	16	0	0	0.175055
Ecoli_SRP_IDT2_mod_104nt	123	94	A	3	0	0.000647722	0.000644351	0.175055
Ecoli_SRP_IDT2_mod_104nt	123	95	T	4	1	0.000471324	0.000468864	0.175055
Ecoli_SRP_IDT2_mod_104nt	123	96	G	4	8	0	0	0.175055
Ecoli_SRP_IDT2_mod_104nt	123	97	T	12	18	0	0	0.175055
Ecoli_SRP_IDT2_mod_104nt	123	98	A	8	11	0	0	0.175055
Ecoli_SRP_IDT2_mod_104nt	123	99	G	30	52	0	0	0.175055
Ecoli_SRP_IDT2_mod_104nt	123	100	C	22	48	0	0	0.175055
Ecoli_SRP_IDT2_mod_104nt	123	101	T	1	1	0	0	0.175055
Ecoli_SRP_IDT2_mod_104nt	123	102	G	20	26	0	0	0.175055
Ecoli_SRP_IDT2_mod_104nt	123	103	G	35	113	0	0	0.175055
Ecoli_SRP_IDT2_mod_104nt	123	104	C	1226	2264	0	0	0.175055
Ecoli_SRP_IDT2_mod_104nt	123	105	C	0	14	0	0	0.175055
Ecoli_SRP_IDT2_mod_104nt	123	106	T	23	68	0	0	0.175055
Ecoli_SRP_IDT2_mod_104nt	123	107	G	26	70	0	0	0.175055
Ecoli_SRP_IDT2_mod_104nt	123	108	A	0	1	0	0	0.175055
Ecoli_SRP_IDT2_mod_104nt	123	109	C	0	0	0	0	0.175055
Ecoli_SRP_IDT2_mod_104nt	123	110	T	0	0	0	0	0.175055
Ecoli_SRP_IDT2_mod_104nt	123	111	C	0	0	0	0	0.175055
Ecoli_SRP_IDT2_mod_104nt	123	112	G	0	0	0	0	0.175055
Ecoli_SRP_IDT2_mod_104nt	123	113	G	0	0	0	0	0.175055
Ecoli_SRP_IDT2_mod_104nt	123	114	G	0	0	0	0	0.175055
Ecoli_SRP_IDT2_mod_104nt	123	115	C	0	0	0	0	0.175055
Ecoli_SRP_IDT2_mod_104nt	123	116	A	0	0	0	0	0.175055
Ecoli_SRP_IDT2_mod_104nt	123	117	C	0	0	0	0	0.175055
Ecoli_SRP_IDT2_mod_104nt	123	118	C	0	0	0	0	0.175055
Ecoli_SRP_IDT2_mod_104nt	123	119	A	0	0	0	0	0.175055
Ecoli_SRP_IDT2_mod_104nt	123	120	A	0	0	0	0	0.175055
Ecoli_SRP_IDT2_mod_104nt	123	121	G	0	0	0	0	0.175055
Ecoli_SRP_IDT2_mod_104nt	123	122	G	0	0	0	0	0.175055
