sequence	rt_start	five_prime_offset	nucleotide	treated_mods	untreated_mods	beta	theta	c
Ecoli_SRP_IDT2_mod_72nt	91	0	*	4726	4754	-	-	0.172236
Ecoli_SRP_IDT2_mod_72nt	91	1	A	237	74	0.192349	0.194416	0.172236
Ecoli_SRP_IDT2_mod_72nt	91	2	T	54	15	0.0449172	0.0448205	0.172236
Ecoli_SRP_IDT2_mod_72nt	91	3	C	5	0	0.00581542	0.00578344	0.172236
Ecoli_SRP_IDT2_mod_72nt	91	4	G	5	1	0.00460476	0.00457897	0.172236
Ecoli_SRP_IDT2_mod_72nt	91	5	G	4	0	0.00464401	0.00461802	0.172236
Ecoli_SRP_IDT2_mod_72nt	91	6	G	7	4	0.00329914	0.00328029	0.172236
Ecoli_SRP_IDT2_mod_72nt	91	7	G	7	0	0.00810447	0.00806149	0.172236
Ecoli_SRP_IDT2_mod_72nt	91	8	G	20	13	0.00746327	0.00742329	0.172236
Ecoli_SRP_IDT2_mod_72nt	91	9	C	9	9	0	0	0.172236
Ecoli_SRP_IDT2_mod_72nt	91	10	T	20	17	0.00262339	0.00260825	0.172236
Ecoli_SRP_IDT2_mod_72nt	91	11	C	40	17	0.0253481	0.025251	0.172236
Ecoli_SRP_IDT2_mod_72nt	91	12	T	17	6	0.0121544	0.0120942	0.172236
Ecoli_SRP_IDT2_mod_72nt	91	13	G	8	5	0.00311873	0.00310087	0.172236
Ecoli_SRP_IDT2_mod_72nt	91	14	T	43	9	0.0376748	0.0375703	0.172236
Ecoli_SRP_IDT2_mod_72nt	91	15	T	37	11	0.0282952	0.028194	0.172236
Ecoli_SRP_IDT2_mod_72nt	91	16	G	17	9	0.00827431	0.00823055	0.172236
Ecoli_SRP_IDT2_mod_72nt	91	17	G	795	735	0.013144	0.0130799	0.172236
Ecoli_SRP_IDT2_mod_72nt	91	18	T	160	74	0.0763183	0.0763609	0.172236
Ecoli_SRP_IDT2_mod_72nt	91	19	T	20	7	0.0116639	0.0116056	0.172236
Ecoli_SRP_IDT2_mod_72nt	91	20	C	13	6	0.00608925	0.00605592	0.172236
Ecoli_SRP_IDT2_mod_72nt	91	21	T	8	5	0.00241554	0.00240156	0.172236
Ecoli_SRP_IDT2_mod_72nt	91	22	C	10	7	0.0022541	0.00224102	0.172236
Ecoli_SRP_IDT2_mod_72nt	91	23	C	26	15	0.00905087	0.00900361	0.172236
Ecoli_SRP_IDT2_mod_72nt	91	24	C	36	23	0.0101919	0.0101397	0.172236
Ecoli_SRP_IDT2_mod_72nt	91	25	G	28	20	0.00575006	0.00571841	0.172236
Ecoli_SRP_IDT2_mod_72nt	91	26	C	51	47	0	0	0.172236
Ecoli_SRP_IDT2_mod_72nt	91	27	A	41	14	0.0233518	0.0232584	0.172236
Ecoli_SRP_IDT2_mod_72nt	91	28	A	7	9	0	0	0.172236
Ecoli_SRP_IDT2_mod_72nt	91	29	C	63	21	0.0359231	0.0358181	0.172236
Ecoli_SRP_IDT2_mod_72nt	91	30	G	4	2	0.00161477	0.00160531	0.172236
Ecoli_SRP_IDT2_mod_72nt	91	31	C	135	49	0.0712301	0.0712385	0.172236
Ecoli_SRP_IDT2_mod_72nt	91	32	T	139	38	0.0831683	0.0832641	0.172236
Ecoli_SRP_IDT2_mod_72nt	91	33	A	13	15	0	0	0.172236
Ecoli_SRP_IDT2_mod_72nt	91	34	C	10	9	0	0	0.172236
Ecoli_SRP_IDT2_mod_72nt	91	35	T	33	10	0.0185234	0.0184417	0.172236
Ecoli_SRP_IDT2_mod_72nt	91	36	C	37	14	0.0179458	0.0178657	0.172236
Ecoli_SRP_IDT2_mod_72nt	91	37	T	54	20	0.0263407	0.026242	0.172236
Ecoli_SRP_IDT2_mod_72nt	91	38	G	42	16	0.0198729	0.0197875	0.172236
Ecoli_SRP_IDT2_mod_72nt	91	39	T	2	4	0	0	0.172236
Ecoli_SRP_IDT2_mod_72nt	91	40	T	30	7	0.0183167	0.0182356	0.172236
Ecoli_SRP_IDT2_mod_72nt	91	41	T	119	45	0.0551651	0.0550951	0.172236
Ecoli_SRP_IDT2_mod_72nt	91	42	A	22	8	0.010395	0.0103419	0.172236
Ecoli_SRP_IDT2_mod_72nt	91	43	C	13	8	0.00302777	0.00301041	0.172236
Ecoli_SRP_IDT2_mod_72nt	91	44	C	58	21	0.0271755	0.0270756	0.172236
Ecoli_SRP_IDT2_mod_72nt	91	45	A	3	1	0.00148155	0.00147286	0.172236
Ecoli_SRP_IDT2_mod_72nt	91	46	G	11	7	0.00228464	0.00227139	0.172236
Ecoli_SRP_IDT2_mod_72nt	91	47	G	55	19	0.0262818	0.0261832	0.172236
Ecoli_SRP_IDT2_mod_72nt	91	48	T	3	8	0	0	0.172236
Ecoli_SRP_IDT2_mod_72nt	91	49	C	32	23	0.00402645	0.0040037	0.172236
Ecoli_SRP_IDT2_mod_72nt	91	50	A	5	1	0.00304837	0.00303089	0.172236
Ecoli_SRP_IDT2_mod_72nt	91	51	G	3	0	0.00238831	0.00237448	0.172236
Ecoli_SRP_IDT2_mod_72nt	91	52	G	21	8	0.00921768	0.00916967	0.172236
Ecoli_SRP_IDT2_mod_72nt	91	53	T	1	0	0.000793723	0.000789019	0.172236
Ecoli_SRP_IDT2_mod_72nt	91	54	C	5	3	0.00116862	0.00116173	0.172236
Ecoli_SRP_IDT2_mod_72nt	91	55	C	5	0	0.00396323	0.00394081	0.172236
Ecoli_SRP_IDT2_mod_72nt	91	56	G	0	0	0	0	0.172236
Ecoli_SRP_IDT2_mod_72nt	91	57	G	3	1	0.00144473	0.00143625	0.172236
Ecoli_SRP_IDT2_mod_72nt	91	58	A	5	1	0.00302709	0.00300973	0.172236
Ecoli_SRP_IDT2_mod_72nt	91	59	A	0	0	0	0	0.172236
Ecoli_SRP_IDT2_mod_72nt	91	60	G	1	0	0.000791679	0.000786987	0.172236
Ecoli_SRP_IDT2_mod_72nt	91	61	G	1	1	0	0	0.172236
Ecoli_SRP_IDT2_mod_72nt	91	62	A	0	0	0	0	0.172236
Ecoli_SRP_IDT2_mod_72nt	91	63	A	1	0	0.000791464	0.000786774	0.172236
Ecoli_SRP_IDT2_mod_72nt	91	64	G	0	0	0	0	0.172236
Ecoli_SRP_IDT2_mod_72nt	91	65	C	0	0	0	0	0.172236
Ecoli_SRP_IDT2_mod_72nt	91	66	A	7	21	0	0	0.172236
Ecoli_SRP_IDT2_mod_72nt	91	67	G	13	17	0	0	0.172236
Ecoli_SRP_IDT2_mod_72nt	91	68	C	13	31	0	0	0.172236
Ecoli_SRP_IDT2_mod_72nt	91	69	C	6	7	0	0	0.172236
Ecoli_SRP_IDT2_mod_72nt	91	70	A	15	11	0.00167513	0.00166533	0.172236
Ecoli_SRP_IDT2_mod_72nt	91	71	A	34	149	0	0	0.172236
Ecoli_SRP_IDT2_mod_72nt	91	72	G	1174	2315	0	0	0.172236
Ecoli_SRP_IDT2_mod_72nt	91	73	C	5	11	0	0	0.172236
Ecoli_SRP_IDT2_mod_72nt	91	74	T	17	63	0	0	0.172236
Ecoli_SRP_IDT2_mod_72nt	91	75	G	29	81	0	0	0.172236
Ecoli_SRP_IDT2_mod_72nt	91	76	A	0	1	0	0	0.172236
Ecoli_SRP_IDT2_mod_72nt	91	77	C	0	0	0	0	0.172236
Ecoli_SRP_IDT2_mod_72nt	91	78	T	0	0	0	0	0.172236
Ecoli_SRP_IDT2_mod_72nt	91	79	C	0	0	0	0	0.172236
Ecoli_SRP_IDT2_mod_72nt	91	80	G	0	0	0	0	0.172236
Ecoli_SRP_IDT2_mod_72nt	91	81	G	0	0	0	0	0.172236
Ecoli_SRP_IDT2_mod_72nt	91	82	G	0	0	0	0	0.172236
Ecoli_SRP_IDT2_mod_72nt	91	83	C	0	0	0	0	0.172236
Ecoli_SRP_IDT2_mod_72nt	91	84	A	0	0	0	0	0.172236
Ecoli_SRP_IDT2_mod_72nt	91	85	C	0	0	0	0	0.172236
Ecoli_SRP_IDT2_mod_72nt	91	86	C	0	0	0	0	0.172236
Ecoli_SRP_IDT2_mod_72nt	91	87	A	0	0	0	0	0.172236
Ecoli_SRP_IDT2_mod_72nt	91	88	A	0	0	0	0	0.172236
Ecoli_SRP_IDT2_mod_72nt	91	89	G	0	0	0	0	0.172236
Ecoli_SRP_IDT2_mod_72nt	91	90	G	0	0	0	0	0.172236
