sequence	rt_start	five_prime_offset	nucleotide	treated_mods	untreated_mods	beta	theta	c
Ecoli_SRP_IDT2_mod_79nt	98	0	*	7803	7753	-	-	0.244003
Ecoli_SRP_IDT2_mod_79nt	98	1	A	385	143	0.121411	0.122478	0.244003
Ecoli_SRP_IDT2_mod_79nt	98	2	T	85	36	0.02376	0.0236826	0.244003
Ecoli_SRP_IDT2_mod_79nt	98	3	C	12	5	0.00337705	0.00335771	0.244003
Ecoli_SRP_IDT2_mod_79nt	98	4	G	7	4	0.00140468	0.0013963	0.244003
Ecoli_SRP_IDT2_mod_79nt	98	5	G	1	1	0	0	0.244003
Ecoli_SRP_IDT2_mod_79nt	98	6	G	12	14	0	0	0.244003
Ecoli_SRP_IDT2_mod_79nt	98	7	G	20	5	0.00732128	0.00728283	0.244003
Ecoli_SRP_IDT2_mod_79nt	98	8	G	35	30	0.00178968	0.00177909	0.244003
Ecoli_SRP_IDT2_mod_79nt	98	9	C	20	18	0.000575147	0.000571659	0.244003
Ecoli_SRP_IDT2_mod_79nt	98	10	T	38	20	0.00836357	0.00832071	0.244003
Ecoli_SRP_IDT2_mod_79nt	98	11	C	93	35	0.0272796	0.0272023	0.244003
Ecoli_SRP_IDT2_mod_79nt	98	12	T	46	16	0.0140296	0.0139673	0.244003
Ecoli_SRP_IDT2_mod_79nt	98	13	G	13	6	0.00319774	0.00317936	0.244003
Ecoli_SRP_IDT2_mod_79nt	98	14	T	73	14	0.0277493	0.0276723	0.244003
Ecoli_SRP_IDT2_mod_79nt	98	15	T	75	10	0.0304278	0.0303533	0.244003
Ecoli_SRP_IDT2_mod_79nt	98	16	G	33	17	0.00693889	0.00690214	0.244003
Ecoli_SRP_IDT2_mod_79nt	98	17	G	1357	1168	0.0405179	0.0404685	0.244003
Ecoli_SRP_IDT2_mod_79nt	98	18	T	267	125	0.0520932	0.0521035	0.244003
Ecoli_SRP_IDT2_mod_79nt	98	19	T	38	7	0.0119951	0.0119389	0.244003
Ecoli_SRP_IDT2_mod_79nt	98	20	C	7	8	0	0	0.244003
Ecoli_SRP_IDT2_mod_79nt	98	21	T	5	5	0	0	0.244003
Ecoli_SRP_IDT2_mod_79nt	98	22	C	26	11	0.00546561	0.00543569	0.244003
Ecoli_SRP_IDT2_mod_79nt	98	23	C	23	18	0.00121867	0.00121138	0.244003
Ecoli_SRP_IDT2_mod_79nt	98	24	C	88	47	0.0140596	0.0139972	0.244003
Ecoli_SRP_IDT2_mod_79nt	98	25	G	66	49	0.00450613	0.00448094	0.244003
Ecoli_SRP_IDT2_mod_79nt	98	26	C	131	86	0.013584	0.013523	0.244003
Ecoli_SRP_IDT2_mod_79nt	98	27	A	65	9	0.0209406	0.0208652	0.244003
Ecoli_SRP_IDT2_mod_79nt	98	28	A	37	15	0.00766652	0.00762658	0.244003
Ecoli_SRP_IDT2_mod_79nt	98	29	C	93	27	0.0235996	0.0235222	0.244003
Ecoli_SRP_IDT2_mod_79nt	98	30	G	22	3	0.00699272	0.00695572	0.244003
Ecoli_SRP_IDT2_mod_79nt	98	31	C	270	108	0.0542148	0.0542396	0.244003
Ecoli_SRP_IDT2_mod_79nt	98	32	T	291	88	0.067964	0.0681099	0.244003
Ecoli_SRP_IDT2_mod_79nt	98	33	A	36	9	0.00909056	0.00904477	0.244003
Ecoli_SRP_IDT2_mod_79nt	98	34	C	23	17	0.00111917	0.00111246	0.244003
Ecoli_SRP_IDT2_mod_79nt	98	35	T	42	10	0.0107426	0.0106906	0.244003
Ecoli_SRP_IDT2_mod_79nt	98	36	C	73	20	0.0174565	0.0173863	0.244003
Ecoli_SRP_IDT2_mod_79nt	98	37	T	142	29	0.0375349	0.0374755	0.244003
Ecoli_SRP_IDT2_mod_79nt	98	38	G	95	26	0.0221362	0.0220597	0.244003
Ecoli_SRP_IDT2_mod_79nt	98	39	T	15	11	0.0006456	0.00064169	0.244003
Ecoli_SRP_IDT2_mod_79nt	98	40	T	74	14	0.0196263	0.0195525	0.244003
Ecoli_SRP_IDT2_mod_79nt	98	41	T	517	139	0.115064	0.115984	0.244003
Ecoli_SRP_IDT2_mod_79nt	98	42	A	99	21	0.0238208	0.0237433	0.244003
Ecoli_SRP_IDT2_mod_79nt	98	43	C	33	19	0.00306321	0.00304555	0.244003
Ecoli_SRP_IDT2_mod_79nt	98	44	C	135	51	0.0230509	0.0229738	0.244003
Ecoli_SRP_IDT2_mod_79nt	98	45	A	16	1	0.00473851	0.00471215	0.244003
Ecoli_SRP_IDT2_mod_79nt	98	46	G	24	7	0.00488915	0.00486204	0.244003
Ecoli_SRP_IDT2_mod_79nt	98	47	G	122	33	0.0256299	0.0255521	0.244003
Ecoli_SRP_IDT2_mod_79nt	98	48	T	28	19	0.00128971	0.001282	0.244003
Ecoli_SRP_IDT2_mod_79nt	98	49	C	72	20	0.0147514	0.0146872	0.244003
Ecoli_SRP_IDT2_mod_79nt	98	50	A	24	6	0.00516385	0.00513539	0.244003
Ecoli_SRP_IDT2_mod_79nt	98	51	G	18	3	0.00446197	0.004437	0.244003
Ecoli_SRP_IDT2_mod_79nt	98	52	G	37	14	0.00603304	0.00600042	0.244003
Ecoli_SRP_IDT2_mod_79nt	98	53	T	10	6	0.00074651	0.000741998	0.244003
Ecoli_SRP_IDT2_mod_79nt	98	54	C	22	6	0.00449527	0.00447013	0.244003
Ecoli_SRP_IDT2_mod_79nt	98	55	C	49	4	0.0136747	0.0136134	0.244003
Ecoli_SRP_IDT2_mod_79nt	98	56	G	16	5	0.00299329	0.00297601	0.244003
Ecoli_SRP_IDT2_mod_79nt	98	57	G	41	13	0.0075688	0.00752928	0.244003
Ecoli_SRP_IDT2_mod_79nt	98	58	A	28	9	0.0051034	0.00507523	0.244003
Ecoli_SRP_IDT2_mod_79nt	98	59	A	7	3	0.000977229	0.00097135	0.244003
Ecoli_SRP_IDT2_mod_79nt	98	60	G	9	2	0.00198996	0.00197823	0.244003
Ecoli_SRP_IDT2_mod_79nt	98	61	G	5	4	0	0	0.244003
Ecoli_SRP_IDT2_mod_79nt	98	62	A	6	2	0.00106164	0.00105526	0.244003
Ecoli_SRP_IDT2_mod_79nt	98	63	A	12	4	0.00212097	0.0021085	0.244003
Ecoli_SRP_IDT2_mod_79nt	98	64	G	5	1	0.00114659	0.00113972	0.244003
Ecoli_SRP_IDT2_mod_79nt	98	65	C	2	0	0.00061666	0.000612923	0.244003
Ecoli_SRP_IDT2_mod_79nt	98	66	A	1	1	0	0	0.244003
Ecoli_SRP_IDT2_mod_79nt	98	67	G	13	1	0.00360912	0.00358855	0.244003
Ecoli_SRP_IDT2_mod_79nt	98	68	C	1	1	0	0	0.244003
Ecoli_SRP_IDT2_mod_79nt	98	69	C	4	1	0.000836404	0.000831358	0.244003
Ecoli_SRP_IDT2_mod_79nt	98	70	A	0	0	0	0	0.244003
Ecoli_SRP_IDT2_mod_79nt	98	71	A	1	0	0.00030787	0.000305992	0.244003
Ecoli_SRP_IDT2_mod_79nt	98	72	G	0	1	0	0	0.244003
Ecoli_SRP_IDT2_mod_79nt	98	73	G	0	7	0	0	0.244003
Ecoli_SRP_IDT2_mod_79nt	98	74	C	9	11	0	0	0.244003
Ecoli_SRP_IDT2_mod_79nt	98	75	A	9	8	0	0	0.244003
Ecoli_SRP_IDT2_mod_79nt	98	76	G	15	43	0	0	0.244003
Ecoli_SRP_IDT2_mod_79nt	98	77	A	15	61	0	0	0.244003
Ecoli_SRP_IDT2_mod_79nt	98	78	T	49	150	0	0	0.244003
Ecoli_SRP_IDT2_mod_79nt	98	79	G	1193	2261	0	0	0.244003
Ecoli_SRP_IDT2_mod_79nt	98	80	C	2	12	0	0	0.244003
Ecoli_SRP_IDT2_mod_79nt	98	81	T	20	71	0	0	0.244003
Ecoli_SRP_IDT2_mod_79nt	98	82	G	29	71	0	0	0.244003
Ecoli_SRP_IDT2_mod_79nt	98	83	A	0	1	0	0	0.244003
Ecoli_SRP_IDT2_mod_79nt	98	84	C	0	1	0	0	0.244003
Ecoli_SRP_IDT2_mod_79nt	98	85	T	0	1	0	0	0.244003
Ecoli_SRP_IDT2_mod_79nt	98	86	C	0	0	0	0	0.244003
Ecoli_SRP_IDT2_mod_79nt	98	87	G	0	0	0	0	0.244003
Ecoli_SRP_IDT2_mod_79nt	98	88	G	0	0	0	0	0.244003
Ecoli_SRP_IDT2_mod_79nt	98	89	G	0	0	0	0	0.244003
Ecoli_SRP_IDT2_mod_79nt	98	90	C	0	0	0	0	0.244003
Ecoli_SRP_IDT2_mod_79nt	98	91	A	0	0	0	0	0.244003
Ecoli_SRP_IDT2_mod_79nt	98	92	C	0	0	0	0	0.244003
Ecoli_SRP_IDT2_mod_79nt	98	93	C	0	0	0	0	0.244003
Ecoli_SRP_IDT2_mod_79nt	98	94	A	0	0	0	0	0.244003
Ecoli_SRP_IDT2_mod_79nt	98	95	A	0	0	0	0	0.244003
Ecoli_SRP_IDT2_mod_79nt	98	96	G	0	0	0	0	0.244003
Ecoli_SRP_IDT2_mod_79nt	98	97	G	0	0	0	0	0.244003
